	P30556	O15303	P35368	P08912	P21918	P18825	P51582	Q5T6X5	P35372	P47898	P32239	P25021	P14416	P32238	Q8TDS4	P21731	Q14831	Q9H244	P0DMS8	P35462	Q15077	P21917	Q15391	Q13258	P47900	Q9NPC1	Q99677	P34969	P37288	P28221	P43657	Q8NFJ5	O95665	P41595	P41231	P08588	Q96G91	P43088	P29274	P13945	P28223	P35346	P51681	P48039	P08100	P08913	Q15722	P30518	P18089	P50406	P28222	P32745	P30939	P28566	Q9UBS5	O00222	Q9NS75	P07550	P35367	P35348	Q14832	P41594	P30874	P29275	Q9Y271	P21728	P30872	Q13255	P34981	P25024	Q14416	P43116	P43119	P08908	P21554	Q13639	P30542	P24530	P11229	P28335	P43115	Q9Y5N1	P41145	P08172	Q14833	P20309	Q9H3N8	O60883	P08173	P34995	P25105	P41143	P25100	P25101
P30556	0.0	130.1474598624627	101.21069842603174	115.97979519271757	119.45479489391437	131.8727000715444	121.56905781221576	146.19784476526547	111.41671667085029	111.52083965594647	105.97142543981317	113.84123991892557	103.18272887700005	122.2698543210281	131.69748694403097	79.90442216099473	114.04548243206227	123.03950277765398	158.5608981679252	118.47517948690802	121.29542221006704	146.2318796859763	117.6170805580332	95.37374748260481	126.45553327980451	151.53758550668135	138.3426837179577	106.3993229023472	127.6154635452549	120.0729089776869	122.00317659357097	156.13005636096932	115.80527871387312	140.5793142678449	113.20534447772661	116.28107449910021	137.02111857174896	118.9416111674509	118.35300983535126	118.04109847708605	117.79552685294766	117.41025510203326	99.84414095245302	114.34498477698071	94.86439143944153	122.7239800952375	108.44017194146	105.2716982793645	120.474076547398	134.27106110716704	121.31637054297607	117.06186904880451	99.09089297598985	113.17633150279289	101.62442716158694	140.0641781867016	136.17496029965696	81.94663230259903	119.44393893389497	116.80815081985202	117.15753481956199	97.37193671587738	110.20274144940777	105.29036013339646	121.53475975809852	94.81197151786182	128.42213692551013	109.49980536301155	103.17177943429851	99.63617695379071	115.237199327501	111.1306132869795	99.05742887576343	115.95488071117143	111.47002081912069	139.97748600650812	112.76696486101719	104.39487738789467	87.6457465227868	116.69618468347471	98.75237128697336	99.12208976739203	104.00704275324824	77.85130510962335	121.88833075169532	108.52326878771419	139.29859999881592	130.0469118297333	125.57105789228808	101.5619737302186	134.63714869820978	101.26529269712046	107.72242086671031	109.73108081507962	
O15303	130.1474598624627	0.0	131.4086153586104	128.93128171382705	136.2875100808451	156.1453766244813	130.78143645339878	161.80339441500837	132.44027129205642	119.76348329987377	127.04773245722754	138.36185218321043	117.87136435182765	139.31520792091032	147.78038476669462	113.87308777554426	91.56829807779286	144.03929973198683	171.6352293313539	132.56272756360704	153.4665042575216	157.052282786899	136.5332220288692	127.8676471383078	145.67282071971567	171.9188237983617	157.62742262001848	132.42017851627315	143.39921961375512	136.36590293073095	142.72304851206718	170.19511703430908	138.4573289171094	153.51002868107753	134.73082557332236	146.59835869984818	153.94884617062053	150.82729833235499	141.97035175276687	143.28026544227032	133.26724344858667	135.77078680426348	128.43458358274074	128.3422591200797	118.91435157668457	145.52267293207115	138.3042058925057	135.0904529102845	144.48784146798425	153.14178434276255	133.44777392660035	139.02208563208114	109.52247410210839	120.10654672747478	112.6469907828141	116.63390532432823	146.53699624919682	126.21234672953142	143.53385552810505	142.88187760632718	109.34498553111916	111.42760247128899	122.7817840387579	134.7578255904955	139.0836533663096	117.77063525578706	137.08938903483795	110.80581656604772	125.94538782582094	133.40761763433693	98.627961824066	135.98265795462066	125.17334932996891	131.44368352617312	125.00854552396049	168.1283609942766	136.28739557648078	129.13945317587059	114.87258108812966	134.24967720994027	127.3412329836865	116.56648287040298	126.13822965542204	102.84180885460228	103.07797106642101	123.44407080148812	151.9030588210444	136.06039370951476	138.59605726780137	137.77930181467673	154.2042954461067	124.3078978555859	136.53608269831602	135.60282715543872	
P35368	101.21069842603174	131.4086153586104	0.0	122.8422684071993	120.7620329791389	102.78084590283106	128.07344782652217	152.77988227535388	113.17040837774402	111.31130228031543	104.62658618259593	120.71422611322487	104.40732215231401	119.58533732130309	140.20572009062744	89.97175516243442	117.39313661752385	133.37067463813582	171.53257054981077	114.70638287937618	133.39674621986342	150.34992374270223	118.35007866381784	113.52533833010239	130.77154489883105	148.8866893259401	146.91845444063074	106.76890778949019	132.76128498019534	111.8473630893568	123.38115980682778	151.2584214422095	114.79809683925123	133.6959199346311	116.1075448844058	102.53081881202525	148.98960774482111	129.6620153200638	120.59642712897039	101.95736015573493	114.00888745466364	118.28449422834092	115.09095241027535	117.9923871443898	109.39066058636672	92.50867348417523	113.50585104209313	123.59102876335965	94.69533124112058	130.10577013136935	116.03324657856137	127.64103775648982	94.52725351978734	107.87241619595443	109.49326429780922	138.7428282717883	136.51397568848915	87.6886272392876	116.57602253262303	79.96934911285643	115.96834448250593	101.31125699874246	109.23231574424426	113.82977256775484	128.79593499892508	98.87085928095621	123.06278160781949	113.09588712445111	104.38857052962703	116.08429882352357	107.36633940049796	120.59577925028862	109.03609192554723	115.56738170546305	117.21962215400708	134.06793860139442	109.57749565763515	116.25595981844526	98.54604664526414	108.89652563721756	102.31739858168294	104.48830112989526	109.76015802816255	91.18993804723141	121.70718167930318	115.16450014236034	146.70984248808236	140.16854988693376	132.23238129206584	113.90773039983469	139.2894205408229	106.061939508043	77.77223799490457	120.5891806067375	
P08912	115.97979519271757	128.93128171382705	122.8422684071993	0.0	138.7969720728579	154.30866778071504	132.43135623598937	156.67629775300156	127.69325256708544	130.17354681907455	113.73764629033394	124.67696979097673	129.57780962385004	126.92232963163406	150.67111807246692	108.87625058944104	119.10968605434755	143.96132978159585	178.1590542323829	133.99080615804996	132.3692345903837	161.94505669907085	132.9587033498683	120.85616543568904	140.99573496752419	162.4304111803649	145.73509392898995	128.1878897312854	130.96315891720587	131.09072364977328	130.25848213897552	166.69115887978114	127.27298070088727	147.55220075754914	127.83478840714088	145.82524038510746	155.81481419270858	132.46829856111435	135.91530057473574	142.53703539946582	134.8953399823513	136.4489216217189	134.80565959436353	128.74436109088128	125.67679683499591	146.52153033670038	122.73976539708383	131.33242061181227	152.82087791562662	135.0568534246413	135.93132497975603	145.14197609602707	109.30281521142751	123.21352733374806	118.23917592962971	144.10993685631547	141.43098944498342	118.6465869814856	118.3252210370265	137.55886655999348	128.85595527640544	116.53130412081373	127.02183741662884	124.88902685663197	134.9832869131933	119.32863198441919	145.2966499433387	123.7686928671319	118.28480301566015	128.22734522994142	119.30826369085116	126.01098349620588	125.00556131795747	137.1278355410177	139.91984736647282	147.00001167232404	137.41910254879622	125.97022995819862	98.17638736587833	128.25201394443866	122.70905755239073	116.04436340762186	123.18379545249627	94.39417178794974	130.94550336709653	86.19607538549462	153.6086762638297	141.57532595598605	119.88952766638249	120.2928751296131	148.27634686557576	123.28820933413226	129.08520385191514	137.03102570341434	
P21918	119.45479489391437	136.2875100808451	120.7620329791389	138.7969720728579	0.0	143.9501673618215	145.5711350950296	162.94919685524656	117.03179988783086	113.20036143634934	117.8761418988579	131.0939999645634	91.12457130791154	138.9572910424904	148.65710295626195	112.28650395444129	125.2318697773153	137.99647524495958	176.4120851312473	84.97459630650701	151.96204427431803	155.8576041123306	134.4048261786811	126.19521951675415	144.69823957892368	160.12053029594244	167.15977003477747	97.69366269654711	145.27768141194247	124.22427891136613	147.22364269319223	168.3521440360346	123.99687366257422	151.44794019212713	139.91874221770559	127.45513321805629	154.71361682243878	146.06916298426222	131.23634622368263	131.68554389796918	110.38446368131554	128.27037163206842	124.33671334461542	137.55602988111787	115.93422625425592	134.80722009920282	133.74155826949573	127.2809669689741	134.76473306925618	136.19441279099556	113.5532257152372	131.0056120712543	114.08294948471303	119.5289046765538	114.27941191080026	126.2541530340095	153.26165812279214	113.67106835026061	137.682325702277	136.39114610134857	115.63836152403383	109.75423875285196	121.68034136679489	118.07250177749665	144.9273500526324	64.00502610759577	134.61555441532983	115.88780186726945	124.42666895232105	131.96763247280614	114.18817738594953	131.84668418957153	114.07518299878575	118.20500149628788	115.83514515399293	150.58349351375364	127.04276660445612	122.62027099756233	107.7923328850593	118.06095645466121	115.85509876249125	110.97662159302854	115.5680519977177	103.44706841779407	131.2557371143048	123.57143056893256	150.30453732871683	136.3410967819509	133.88001828937558	129.16770731046563	155.2741131990333	118.45910802675644	127.33522958511458	128.4311949388939	
P18825	131.8727000715444	156.1453766244813	102.78084590283106	154.30866778071504	143.9501673618215	0.0	147.69010296755005	177.62589825748	129.4149981548544	132.15340523148188	135.47441808262374	146.8732925398217	124.73331879760372	153.89744417951442	155.47980112757068	120.73877713264665	135.12824646470835	147.09766438041697	183.8777470238565	130.0191202973947	156.72916293382877	166.67118955697515	143.32118956622435	136.76628327585058	152.27145697304513	171.4858800296206	170.3435727986507	130.4208539427782	150.72913290496217	124.84376071608858	150.04201798234135	168.39389353769366	134.9525311794714	157.30510139849503	138.79905305366265	114.00944927459932	169.57908951840363	154.46950754179852	138.3405591638293	116.06818027317058	139.83963439101353	138.48853175266413	143.1167140515754	140.00114675593795	138.20449667362118	76.08940423559397	147.83868580493436	146.32428638875717	74.7593932536256	157.08287171449047	125.00015360768884	148.53431743761757	119.4656872406631	130.948800792743	132.49543497915147	147.917158383294	164.2597991602088	111.76412820140831	146.93033752945485	110.15280541800894	133.33301456971094	128.28889060529764	134.38553970382782	135.29584454069845	154.4638207766111	124.6425698514795	144.82256849575788	137.97566852008458	137.54424130493135	141.02012547664344	130.8814172593993	145.63479991373606	134.32758559117792	127.83054518942663	128.59178625127242	154.23103296285262	133.96822481619893	140.70524977312016	128.7112231150677	134.19637537316885	125.84213798423298	124.68843671117793	128.3421823325043	118.29268452507677	140.91410295256355	143.34828277147608	162.3241900705034	156.25742577400524	151.17238677304704	139.09441369154956	153.54829056258313	126.24570613971446	117.03923652739468	141.87650308304	
P51582	121.56905781221576	130.78143645339878	128.07344782652217	132.43135623598937	145.5711350950296	147.69010296755005	0.0	164.0392485742923	127.55357641505543	123.27666593092727	122.51136055076495	121.328050549404	133.81391239789082	127.52827004226856	141.2650950262323	108.5729310688912	121.74257974670036	119.02833502282738	164.3978745264758	139.15601311658975	108.61039067833917	164.13376423812588	105.07820860139327	119.69978719583014	133.29467430710793	162.79675755940843	138.43338393664453	135.1572498229507	146.87550983630354	138.49812877870863	129.95083327416796	157.8235811837949	132.84697339398554	149.27701642317697	84.42809007567121	141.4365697373578	148.1010369482683	144.43354012438795	133.06789640465286	132.50497175753117	148.11573807301465	139.35106164769968	122.60811769030988	125.4647936244146	122.00782973695459	139.54556635732297	123.19413392811839	127.36649189406307	141.74957953518606	149.29365937737748	137.67655446648132	141.32514841941884	107.87040493015957	120.9950982677401	119.05098848644411	145.75453772302717	149.16622783688945	118.59533549041953	134.38868931448087	141.7958981959382	130.0827845527092	125.24439765201532	126.6445177931455	118.78911880392116	128.81834023451665	123.26045089308172	147.78124355489854	126.94152238848619	113.34524368985149	111.86181072646286	120.75384781992761	123.74632678751368	118.54605277284281	143.4747748637892	138.10253010319138	164.20121085451683	128.08819893799955	129.4689654508693	117.22046204042272	138.73540654033422	116.85896490269806	119.19038981982158	127.50427851264249	101.01701046788367	132.0212849567033	127.98096445476403	146.91678027249873	136.01521819038317	145.19027992500924	119.03364720731042	141.4642195169581	116.6317077332642	137.5100540857602	135.47101003606804	
Q5T6X5	146.19784476526547	161.80339441500837	152.77988227535388	156.67629775300156	162.94919685524656	177.62589825748	164.0392485742923	0.0	154.28434726421256	154.27717501524603	157.3021508557722	155.1630314765789	154.82126896380214	156.6504644571105	170.6318810104858	135.65531802881742	150.82933690497885	162.39956192360842	204.8185779901396	157.5399173287442	148.6725084237405	188.42064035820658	156.37050727236783	147.65324403933482	159.33798723784275	176.28555145522114	176.65250378183555	149.8655045167252	169.07525272044586	158.2243305683951	156.70031576335896	178.21531247044913	156.55806688877055	176.00034183938988	152.37797005736502	166.47227955426206	175.32211867545266	163.4108660198399	158.75668743054848	160.0304218197707	169.46878106694203	159.1603742094594	158.39242193172686	157.584120803338	152.72565862602642	165.94114143762272	157.43534399911005	155.92761880619219	168.4186211648339	172.84577583731152	164.63712982425932	159.1115752128535	144.5174563696346	155.84150919649983	144.0035496793571	167.43801701930352	164.97608248519828	151.78312688262668	154.655779651599	166.6411926742876	162.01198250020389	143.66987980194972	153.83900833764346	155.6068688161904	155.5215300724958	149.24796765693463	159.34754426695872	147.8314313031733	144.16828270016413	154.2877080818871	153.93430381646613	152.09415793477092	145.03504945378518	165.80009137930756	162.19275157876837	170.8661853146623	158.44624106091214	156.3054016597016	145.14564124130993	153.0198482547421	150.41849586192984	145.10542863080627	152.97351017573965	139.59045351593522	156.33496285510773	148.59228057117434	183.0625079984311	175.2648241815623	164.82811952615157	155.34372975467704	182.47027532814536	151.8391365702264	158.1195728297971	160.6684720586054	
P35372	111.41671667085029	132.44027129205642	113.17040837774402	127.69325256708544	117.03179988783086	129.4149981548544	127.55357641505543	154.28434726421256	0.0	105.14133108552778	114.01186365925241	118.716027650662	98.08220261480892	132.14321138022933	135.05442309298087	100.08952403865987	112.20402375195408	128.04421271334286	174.35300394086516	108.0953866133932	131.89306846557884	150.2330030319572	123.25902052532183	112.04976843419718	130.52431067579892	151.8199079716578	159.24112495756708	107.65393510213471	143.14512500242563	112.85203298350098	136.23938682302833	153.35217350290623	114.74537100241287	132.49960206646938	121.53598334518028	119.18527700964478	144.10211934917606	136.12328868469922	119.59891759697348	124.01500324800145	114.22261932818219	126.83127469808096	110.9161196622299	121.16706104617333	102.66248809957324	124.42840338987298	121.5552282754361	120.8237326623057	126.88390838747728	140.3826494597597	113.08536894945428	124.74040515575325	96.25016226778098	114.19187233585399	103.97481646534288	130.05778963177	149.61943761832663	98.63980129454285	129.7370617062552	124.69936931924894	112.64426737534814	104.53332258880255	115.50159310834715	110.45866381726228	134.84996319079073	105.14021512225736	124.71001372183673	113.67719202640001	113.72501320623269	115.09244015929289	108.53039153799182	120.30795616656542	109.85592772456584	116.16790282646252	104.27655972009234	149.26815793052083	120.00301868555835	119.91515294463898	99.39871140828473	109.44506668683607	111.16526545584202	104.56308073687251	83.02198337149457	87.49579657480353	124.80796816888324	118.43503086728742	147.93969750509132	135.8020834728377	122.4339384335326	121.71797208639327	141.22765609179623	77.90150698332582	114.71475364104117	126.63601858669426	
P47898	111.52083965594647	119.76348329987377	111.31130228031543	130.17354681907455	113.20036143634934	132.15340523148188	123.27666593092727	154.27717501524603	105.14133108552778	0.0	103.89709817367839	120.01972672712873	98.11133645381778	125.41099503595615	133.88936193386326	95.76964411570225	97.325611911132	123.78531775981537	170.37317502990481	113.06345959712053	136.0044513285393	147.7337160706229	121.29895189683884	112.50579466344789	133.1413265936426	157.81282628612826	153.11731707147555	108.01856531391968	138.3369498939719	117.52109568181913	127.60740222531604	150.70118158234982	87.13056680071168	137.3446437450475	124.90216223534662	126.35600231200806	141.68203335191356	130.64916645165067	120.33577107655583	127.90440379391657	117.7213403499336	120.61906130309217	110.17841282155132	120.2976529217558	101.98663668122754	120.44482661568327	118.94193656767311	119.79771582456306	129.3301262546156	132.0751141810906	112.54054994165199	116.29169714380987	86.23804418263899	93.87635824916651	97.69567726529203	121.26227162085706	141.62173835883732	105.57543042843463	128.13804310077103	125.33578452450456	94.90951417264296	86.55026209788048	106.35356735251844	110.22163860866567	132.25615671405103	93.17275888618315	121.49100428662496	92.64335275936173	106.20372001400392	115.95372118527303	102.51932424062397	118.40073944401229	103.14866312593222	95.61705381462525	105.16924832791847	148.77657884010114	105.4271286240546	120.03256961649458	87.06019594936515	105.14175747259287	106.36516585078789	75.28316203909344	114.06933912468958	84.53664795099758	100.51728751389601	115.87132217059843	140.64468994102208	118.27271637163358	118.46679643675452	123.76819383708062	140.6464470429928	109.29717671551043	116.91366217441828	122.33282919233898	
P32239	105.97142543981317	127.04773245722754	104.62658618259593	113.73764629033394	117.8761418988579	135.47441808262374	122.51136055076495	157.3021508557722	114.01186365925241	103.89709817367839	0.0	112.70603096837294	108.9570730610867	86.25885192316491	133.08280146913603	91.75092042278266	107.68128536472796	132.60782464509248	172.29210264186258	118.58923080877867	128.44542513770284	148.7709472651768	115.71570531331236	108.741979445389	131.3476977169048	150.76228919357527	145.74443217006046	110.92433992095175	133.64820566022536	119.22186259756563	116.77971765084658	144.8927612353582	99.14510735083604	136.19186392519623	113.72395399556262	133.17604112872505	145.5020331685664	129.58500279503642	120.65240084182005	128.4163997876458	117.42172006040346	117.92854154255474	110.36700373748317	113.03029039461398	102.7310219476567	130.348834889126	113.1610826303513	116.818939440127	130.96739917001105	124.4425592161715	121.50925064936746	122.90939830621937	93.77845601837907	100.04762781556929	98.46114510978805	130.4481914048083	138.39246659426135	100.29097956127953	115.46082894824212	128.61525158432778	106.58779983606655	94.44284327313653	104.63034313119715	105.5325124800438	131.72427413827972	96.60512083745562	127.32003371103201	94.03304754244164	100.25612908673065	112.24809831695165	106.19550155027537	118.76718451117631	102.5887915075873	115.33873632039467	109.83404902114125	146.49074634135468	113.4426307802205	113.31042906582297	88.22634556362755	107.46149833546951	110.29321547283325	94.31631363058113	106.93316907438566	86.06322557892418	115.85258976324985	101.7230222649523	146.24399647885002	117.96035859687254	125.90816005179659	117.04691310296766	138.29971289436799	105.6839943791274	118.88437388151215	121.80099830031395	
P25021	113.84123991892557	138.36185218321043	120.71422611322487	124.67696979097673	131.0939999645634	146.8732925398217	121.328050549404	155.1630314765789	118.716027650662	120.01972672712873	112.70603096837294	0.0	122.68563073468977	128.1317128543451	137.62517188003403	100.32355072998325	125.35398534042179	132.05439902242506	178.34294356382452	127.63578216879978	131.95334851634107	157.5275991773815	120.14419317260035	105.60799148873775	139.84307911476935	154.3443776346685	142.16954963389435	121.14765143557452	144.38606049315422	122.7719447434356	130.71475273565738	166.50257192717982	124.6073826738575	146.77197438667645	116.17236774865887	128.20586820389144	154.4825241783692	135.33178976908675	119.33266180651844	129.64473568231915	134.55900783269317	127.49884627820575	122.12911066765082	117.9132302548096	116.75114129203575	136.9498457791342	120.85988100567192	119.2146012900339	139.01097665831912	131.8241374027275	126.31908649034449	131.39288775497698	99.48902136571996	117.89586692515877	110.38497638449189	154.08388284387183	139.6833210643381	102.0382372791355	120.27031268234714	135.4459798411408	129.5244004893175	116.48126937350025	119.48894853380625	109.32955614294042	119.68136793581652	108.7841893559962	133.02454848829075	119.81901626920444	111.38022724330949	111.85928266742849	119.79567478611716	116.75729188896366	112.25626998234657	136.1730799840443	128.44718695776828	134.07969336441602	124.81505976084736	129.1321272529458	100.65649987204233	124.82117967799422	118.19495862870826	103.3251753122313	112.7392265322269	93.53680690270266	137.4808374359418	110.87792519907816	144.12761171275633	145.44372375306557	135.3701449248765	120.15993028509547	144.83065892980085	114.49793919085641	128.45775608447002	134.95874080064823	
P14416	103.18272887700005	117.87136435182765	104.40732215231401	129.57780962385004	91.12457130791154	124.73331879760372	133.81391239789082	154.82126896380214	98.08220261480892	98.11133645381778	108.9570730610867	122.68563073468977	0.0	127.54362106922781	136.86754928395385	94.18603728222661	107.60417729394976	128.8693966261053	168.8645824007399	85.37375961540965	137.42445068666711	146.36027930569253	122.42678335646633	108.47894772386644	128.75695147406077	155.26614625827642	153.53406090842327	100.58741116107558	140.40499449812341	111.21646255382802	127.21268278133357	148.9871698684874	105.06484791368712	138.79788222763455	122.2843453354435	119.01722623527166	143.04384952486726	134.69660780602135	113.46029882511357	118.08243634382961	103.54950761893997	114.85875820810907	106.07679151574848	120.17158400639892	95.95997342574265	115.80727941292571	121.16420514254423	109.63461097306572	122.22893146050046	134.26746420521522	103.86880518047838	121.66250565543305	92.01889035887143	100.31275031279074	97.68862839764915	124.2511324515217	143.91724007794983	93.69989748654189	125.85532986646285	118.36986336827977	103.34378759068204	89.21892455624766	104.14607981592417	104.8812904637889	131.46036488562822	69.39272270683432	118.94379164063139	94.28232201182982	105.32015777473862	115.03540740668541	98.27719542081468	116.27000278182095	101.47191580396611	105.76481053959287	96.8559149599314	146.66616782185156	108.39460440410767	105.69457595788117	92.79947148964857	105.95369016000768	102.80996226234129	90.13451605293085	102.18462981344783	82.81933879863936	109.76693916491058	108.8155395736685	147.56642435741378	121.7024014145718	122.89320828387281	117.75750786619028	141.98897704220144	104.48533482680796	107.0280920522564	115.15643756469944	
P32238	122.2698543210281	139.31520792091032	119.58533732130309	126.92232963163406	138.9572910424904	153.89744417951442	127.52827004226856	156.6504644571105	132.14321138022933	125.41099503595615	86.25885192316491	128.1317128543451	127.54362106922781	0.0	146.2466865463648	107.38183152902639	125.35237177606905	141.66636681588716	178.4357633747568	134.2320801023161	131.13562259153696	158.32854529921315	124.67120380309643	123.85168219258776	137.73143323953263	156.40994533954654	145.9864409158472	125.26577646113583	134.8196791128139	126.58478306856705	130.46111217141151	155.62468084110878	119.94535746338079	140.2201978751691	118.8734389047022	141.6218359352497	159.3880441635847	140.3587588420487	136.85913289152086	140.58549927652348	133.4607544784667	134.52583222970134	127.16180937981699	121.09250218333909	117.94724436123943	144.0013330496149	127.24577847895853	129.8873450717074	148.2685397778696	141.40069309738465	133.62759875506163	136.329304148152	108.05140885042783	118.78395196504425	117.15281418379163	146.86867488536518	145.8186393333308	119.74957076180726	131.71071587101324	137.81712528318167	133.64754884364083	119.04589278894127	119.6045156486216	123.33479702554177	137.63193289382616	118.86382171337027	138.16031470894814	118.97542709077243	117.44211920553062	126.80213016888592	127.19098841404775	128.715790513088	116.8423897724715	134.17754558347224	133.47575696861895	157.0129932986456	130.7174269009265	125.89773103980406	109.96397815385717	126.08273209712934	119.92812886286993	117.25640821285197	122.5804045725672	108.66047910816269	136.9541380250448	119.88212675106479	161.49655740358867	139.74212067655753	135.66275804443285	121.09999204566702	151.31673562643118	118.95701958192512	130.97404906876181	128.68666682159528	
Q8TDS4	131.69748694403097	147.78038476669462	140.20572009062744	150.67111807246692	148.65710295626195	155.47980112757068	141.2650950262323	170.6318810104858	135.05442309298087	133.88936193386326	133.08280146913603	137.62517188003403	136.86754928395385	146.2466865463648	0.0	120.19099500234006	136.88436536694644	144.03927595019923	185.27942648922908	143.36785235872958	145.9233919911203	173.23023043226567	133.35872020974057	122.86229892267147	149.2942615672946	155.73906661674846	165.1789427046897	141.93996593888733	158.20834057830507	144.25172301515704	144.57891478703823	163.98168159788474	135.51735913642915	162.14583976427093	140.96119786211057	151.81199595166254	165.76038889947813	147.40296366013354	137.4966328755254	148.55231109587476	153.8660113188671	140.5532621788443	130.74608178064227	132.79384267312707	134.20553713295521	146.86277631937992	128.08593180302705	147.8850056755473	150.82645644093282	148.97229137131944	140.58585809741635	142.981878714927	116.77681205856788	137.6854729653569	133.63867748569464	159.00301073445007	149.50445996338385	128.69850975635927	152.73126260872232	149.205746366526	137.61960826080758	133.78027701415704	134.0896738760057	132.60165835591033	142.20730951899895	133.0777592244558	145.8533158764476	141.80067873676307	136.21428817616834	123.87658747273963	134.80022803280735	129.39038756501395	133.2925816801726	152.34081634158792	140.76026498123247	161.2176482412615	137.10664110834477	142.58369269418472	131.0122726225236	140.10980363143608	125.42551456007641	125.82075225337758	137.34167572905426	119.40348845900735	146.5644770006329	145.9874201247585	158.32617140654474	149.85888494644314	147.90422869543545	135.40936656319536	158.38506381574553	133.96319651207887	146.52699293882324	145.7224653630983	
P21731	79.90442216099473	113.87308777554426	89.97175516243442	108.87625058944104	112.28650395444129	120.73877713264665	108.5729310688912	135.65531802881742	100.08952403865987	95.76964411570225	91.75092042278266	100.32355072998325	94.18603728222661	107.38183152902639	120.19099500234006	0.0	92.5891339519294	114.20842259316123	154.53789807096473	108.24108403763967	113.3429843399208	140.0770731321245	99.00227755995002	78.26189921621699	113.4920288011781	131.72105386614567	127.77131293021375	97.15380887666834	118.35607092862483	103.70903340284713	101.69115716073429	142.85130914958427	99.86822134710383	125.39622325001983	95.59043653158005	109.28564205326256	126.40340649936115	112.157249105745	106.065621236281	110.40208094968693	106.439807307499	106.89252676710021	92.57040715991752	96.16843453783076	87.76303099454526	114.20786156033864	97.12398828369624	104.28204115235712	114.452654956287	116.72577430616366	107.19881299097324	107.37984598544426	72.21209693177661	94.5611736549763	85.85733950510621	120.54956634802511	113.47839672639384	79.06069961591857	111.20622958434979	104.63369455159409	100.10386589850532	85.78363425846328	95.27587951999158	86.48846016504103	100.20831267768517	86.71389878477203	117.54709673282923	93.58978931902675	88.00903378466319	83.49192416953156	93.71137736248784	90.83112505980534	86.05859043600503	106.92336650141806	100.24416640256823	133.88929052825551	101.73446451011114	96.34348988842976	76.84470553140272	99.66539984027622	81.77788727491861	79.94154362360132	94.24636503195507	61.15940746758133	106.57975639232609	94.14362788642757	130.2606978918775	114.82019835425308	119.00001554546179	87.55652357434155	118.16146138886688	89.34872733236989	99.52910819435056	97.23874603043078	
Q14831	114.04548243206227	91.56829807779286	117.39313661752385	119.10968605434755	125.2318697773153	135.12824646470835	121.74257974670036	150.82933690497885	112.20402375195408	97.325611911132	107.68128536472796	125.35398534042179	107.60417729394976	125.35237177606905	136.88436536694644	92.5891339519294	0.0	133.00316001355532	164.9325810171722	117.80676054634387	136.66541685222182	147.03307025515824	120.19558865623549	110.60420535109006	132.44439930730732	156.6198057225556	146.14287014392903	115.35007905997918	134.2654733073432	109.01071655447595	128.05899798538303	156.91081594879506	114.14935456367675	139.5504405211541	119.36695902701467	137.31879551624297	146.0398843358853	134.00524803355802	126.14591231307713	132.4041405019234	123.05470227758633	121.82574850064702	115.02034950460074	107.66562133328989	106.72178326614812	129.7867269779672	118.81664349687344	121.49639873101842	126.32954065033118	135.11132802878274	114.12235314567806	122.67617889575195	90.30665596867038	97.56571868684841	92.6950817789184	82.80481908394722	132.6154997437552	105.98355478508165	132.96676304144785	131.60410767892608	85.78390206879703	86.9186955326877	102.94266742211767	117.99781195557443	122.36203741130885	103.38745215366362	122.46695055841701	93.4844177280902	111.36289084619784	115.92191064747749	78.48588797112461	114.67127263714792	108.84129636560101	114.27366583693947	111.21925942816597	154.804480445222	124.67825275845826	119.78077620307158	94.8007310377725	113.40865490928991	109.80261409113882	90.87436708723544	112.7593498492788	87.48103570390958	82.23873599462968	109.26328389823902	144.57435757265193	128.14782981824828	124.09028146130731	120.56187489099102	141.82278182910522	109.60478530119872	120.13434235595196	125.71408582484582	
Q9H244	123.03950277765398	144.03929973198683	133.37067463813582	143.96132978159585	137.99647524495958	147.09766438041697	119.02833502282738	162.39956192360842	128.04421271334286	123.78531775981537	132.60782464509248	132.05439902242506	128.8693966261053	141.66636681588716	144.03927595019923	114.20842259316123	133.00316001355532	0.0	171.36778769700322	138.1524664776225	127.16793546426925	167.92792066396214	118.34428379204473	123.75543549811118	127.6643228517787	164.74027529268642	149.18744156576577	136.41933434951352	149.90968677730416	138.62345379017643	144.94232195868972	163.11523308846517	127.78925118563347	165.4280894571857	120.36914462453569	136.3926499838126	156.2998153460503	151.03481103482773	129.57090581415105	144.17157581812353	138.17897669735248	141.6603274155932	116.5918357084447	136.27451885156916	124.17137898243527	138.21661075440352	128.7913934839744	128.79901947724284	144.93467968836194	153.78549037119956	138.35863355870242	145.97252441445016	120.83442250553344	129.83607274209498	123.25396865533548	150.09134863168583	159.43187713751104	117.48548974070582	141.75972833155538	144.361209853756	134.254866225383	123.45212094695307	135.26832079412998	122.14276003025589	136.3594262644474	124.99534970839159	149.89175560561125	128.83456209782162	132.0503531887225	117.31842037735623	135.8756583771028	133.59849080469576	121.3469741763256	134.46494010872266	126.75979780663329	161.45490489606163	126.24312809217372	131.35773803647317	120.70717190607684	133.5562007216795	126.33133145052125	118.2739496351569	129.85446535947267	110.21280931754154	135.75139395573933	136.10327052205685	153.00338658076362	143.90095079728053	143.29393094187253	133.64432120058336	144.8358891242824	122.12341076726443	142.34589197226887	139.65499564012862	
P0DMS8	158.5608981679252	171.6352293313539	171.53257054981077	178.1590542323829	176.4120851312473	183.8777470238565	164.3978745264758	204.8185779901396	174.35300394086516	170.37317502990481	172.29210264186258	178.34294356382452	168.8645824007399	178.4357633747568	185.27942648922908	154.53789807096473	164.9325810171722	171.36778769700322	0.0	178.49007291145972	173.6801050050126	151.5684209499159	166.97218211888685	172.66830505235703	176.49466522989678	197.26377701867023	189.7351409996336	178.47531671402976	186.58177937366418	178.10996293081553	175.20418413044536	199.60716194470297	172.92748004596797	195.15213616171968	170.0497922806244	182.1272946409881	126.88534790315316	174.58896152224042	177.3493968146795	185.39239570774953	186.7863642956654	177.80650712471106	164.80413341938402	173.81662545763538	162.0570840775108	183.6846844072861	171.79434518558264	171.27605401919573	179.22978452721145	185.572804047697	175.27316785030416	183.6020734849444	159.16179678951448	166.3477342762926	160.65630310637061	182.38805875738035	186.86085092514986	162.94577673249296	179.829671951622	184.1610268423392	166.01179876961396	163.70598311105277	168.87127100714133	167.83517249007127	181.38482076729997	163.11604588784394	183.61645896857954	166.0906441344123	171.6410038947215	166.58605471122428	165.73251059299218	171.98685109583312	161.35366989750764	174.6928173739434	172.425224065184	195.76678074148367	164.47953817839152	167.70250536983076	160.66330996708712	171.2874279920652	166.0797612289025	165.10232286911923	171.0634177121683	153.18231779625057	174.17409749985381	168.8523344194109	190.28915581080946	193.65149757548352	190.02986221082392	167.75319052909617	188.49313388895825	165.51207607940887	177.42529938756343	173.08092809238588	
P35462	118.47517948690802	132.56272756360704	114.70638287937618	133.99080615804996	84.97459630650701	130.0191202973947	139.15601311658975	157.5399173287442	108.0953866133932	113.06345959712053	118.58923080877867	127.63578216879978	85.37375961540965	134.2320801023161	143.36785235872958	108.24108403763967	117.80676054634387	138.1524664776225	178.49007291145972	0.0	146.0940769399167	156.30308454905753	132.1149606955587	128.18945180735318	143.1810400338145	159.18239492038265	164.65165438503027	107.28969656364643	143.33837264816975	116.91280017030658	143.063434794778	163.71014296042267	122.94462039129576	143.56653124059085	136.3334780515288	134.58455978441634	156.84730982640758	146.17003368661972	128.2554152167868	130.101770809968	112.32419203943573	120.42449259577552	124.30459843378048	128.43601406534435	114.64221356258349	126.56183968042023	132.5033679317712	127.31005870742956	128.84646955269272	139.41455712600145	112.30996626545675	129.03530909930123	107.31598882559047	117.33956328855129	109.36189921508776	127.35471799399238	150.28930610293173	112.39344997401349	135.50673850462772	125.62627390865237	117.37417338765226	108.70699577548658	110.64206895785173	119.80734689929523	136.5987685273285	80.8315848907223	128.1949122727383	115.1014809262706	121.8132520243671	129.75661830231547	111.65577983943513	128.3896115743555	116.0561161969672	113.7683252995921	116.18555366732471	152.03121958457632	125.44321213715011	125.3053850929864	108.98002640341292	118.06836597889196	113.0847691516392	111.32974870779435	108.00914624650613	98.88018535420997	125.02880470444506	121.51387772936141	150.29482766322326	137.34126700635534	125.53403888700996	126.56465839559678	153.67047482542694	110.59830786625389	122.30476195691881	131.06519425811712	
Q15077	121.29542221006704	153.4665042575216	133.39674621986342	132.3692345903837	151.96204427431803	156.72916293382877	108.61039067833917	148.6725084237405	131.89306846557884	136.0044513285393	128.44542513770284	131.95334851634107	137.42445068666711	131.13562259153696	145.9233919911203	113.3429843399208	136.66541685222182	127.16793546426925	173.6801050050126	146.0940769399167	0.0	167.43577991364873	116.63231179781724	128.8543604327133	124.43109422578709	158.75627980561694	138.8885882658069	138.60968943042099	143.56974076817278	138.81325516966172	128.6072927431087	159.34290901693748	135.71578632236924	152.9565100550535	87.29959077842068	143.54224627270014	151.62640113156522	138.29413981735706	130.18992990563856	142.86745034827618	153.68731521704467	144.98089602973778	130.58859824604588	133.40191920904908	123.48214899448067	147.21183231956093	123.5506326037139	136.78375758661423	150.24129215531866	149.88039618200855	148.55681789590744	147.96573532465845	117.9501416352432	134.9425857530441	122.7254134673858	161.322516117536	135.28143980298773	122.65853730979143	128.55886285629822	143.4380060042604	146.98032751254505	129.65304972915328	135.4476049048826	119.47372854844434	131.2313642706722	129.9774204970454	155.94336776976706	134.3818572703167	127.28944409410178	120.72492931835586	138.11720257962588	130.67355256766314	127.50282390008215	146.528241847569	140.03195205116936	155.51902944524772	136.12573733751196	134.84474356604915	121.85218182360404	142.4354572154698	130.32401443709387	124.24255721413647	126.60228485256084	115.37529626104515	143.84594004233077	128.21305671776645	156.57778255193261	149.83540696214186	152.49474157294026	120.10284385486739	136.7408104877104	124.63142229017103	140.02635264902347	142.1829786352464	
P21917	146.2318796859763	157.052282786899	150.34992374270223	161.94505669907085	155.8576041123306	166.67118955697515	164.13376423812588	188.42064035820658	150.2330030319572	147.7337160706229	148.7709472651768	157.5275991773815	146.36027930569253	158.32854529921315	173.23023043226567	140.0770731321245	147.03307025515824	167.92792066396214	151.5684209499159	156.30308454905753	167.43577991364873	0.0	152.50255675250082	149.32775152733666	170.091506270197	180.93450504893553	185.4543739730434	157.18356048729038	168.50398522711475	152.50819337597932	161.91979330821778	181.47286790268845	152.0195792906161	172.2688166279404	158.70849505791557	160.24198101094225	147.04702863839339	164.07790922702407	157.38054423916037	166.18603848814382	153.5772875373077	160.27456866702414	152.84452618667274	159.4485296693456	148.1478933584367	162.43702882286743	156.76233434931783	152.58367398622795	163.1055976016214	168.0416631148255	153.61229160884977	159.6135843816155	136.70744787958392	145.78125616550096	142.94190190001973	166.69967848426313	167.3832725782995	142.84628489162424	156.21978146096808	162.36112828543992	149.66579682173324	142.2556063121301	149.7507366927748	148.74784442826058	166.3704415639222	139.78599648657837	159.05264607237768	146.99690644742805	150.6365345193044	156.4993181177124	149.9155067531101	153.2187691324798	146.3185710994585	153.71941098354	154.62557711628324	174.27909911700408	156.45255073261796	152.13011366025603	134.56163566675968	149.33544658697792	152.70636770062265	137.38186730543384	148.21529772982467	132.57679848905536	154.05295283965825	148.77796074553044	172.94534701484372	170.9496522572881	157.63386537801125	151.06718814230408	176.13869366809377	147.55083265076973	155.62643897711678	153.7650228907296	
