	P32745	O60883	P08100	P08173	P21728	P35346	P30542	P35462	Q13255	P13945	P21731	P24530	P28335	P25105	Q15391	Q9H244	Q9UBS5	P41595	P21918	Q9NS75	P30874	P21554	P41145	O95665	P28221	Q99677	P41231	O15303	P47898	P08588	P34969	Q9NPC1	P41143	Q9Y271	P28223	Q15722	P25101	Q8TDS4	P18089	P51681	P30556	P51582	Q14833	P30939	P50406	P41594	P32238	Q9Y5N1	P30872	P25024	Q9H3N8	P30518	P37288	P21917	P34995	P43088	P35367	P43116	P08913	P28566	P11229	P29274	P35372	P14416	P48039	P25021	Q15077	P28222	P35368	Q8NFJ5	P0DMS8	Q14416	P08908	Q14832	P08172	P43657	Q96G91	Q14831	P25100	P43115	Q13258	P34981	Q13639	P43119	O00222	P08912	P47900	P29275	Q5T6X5	P18825	P07550	P32239	P20309	P35348
P32745	0.0	1.951441774688654	1.9986974925352439	2.0840165546367433	1.6796370308955306	1.6007810593582121	1.9039432764659772	2.2266015875386493	2.0228726823230594	1.9776160488543757	1.9777407143843044	2.2479157012663977	2.0158527203351553	2.0953818267800264	2.2395591083961146	2.269262781484017	1.9008632907181937	1.8344795127350504	1.6668947846641353	1.948557158514987	1.8157298807917437	2.1040176881620463	2.348536778506992	2.3169086793402904	2.0848605513363534	2.1213203435596424	1.8894074566355668	2.0650301425877333	1.9882467150733583	2.0379217354942765	1.9819497975478595	2.169569369713723	1.6770509831248424	2.161452058223823	1.8546415416284312	1.674932156020871	2.1542109924517607	1.6789478076285593	1.8744814097652591	2.3488083170416623	1.9629378492453606	1.9263543415952116	2.1219258809968937	1.9165398508770957	1.6983072304443596	1.9652324558286176	1.7877062384635007	2.130095930579041	1.783248959582441	1.7644401284662923	2.0463381929681126	2.238704640944793	2.0231473006185183	2.105300849443297	2.0499720376213872	2.055790151778179	1.9149328905229577	1.9917364004528544	2.176514624138994	2.034662968420503	2.0387833128349397	2.2317936234736795	1.8419934350628986	2.199405433124884	2.41203667434128	1.7230060940112777	1.690854576103713	1.8861910923166538	2.156487665067152	2.0765001349990055	2.0586032211726044	1.716073135656058	1.9189298232782412	1.9183850303230254	1.992015311186137	1.9643668814399105	1.9613056980803154	1.898807191370414	2.197868285407476	1.8445880746901868	2.0408091188310906	1.7932875123751955	1.8752057500280532	1.8174501368675835	1.9050068046928132	1.885055341886629	1.8256848030259771	2.1654644100310456	1.8813220450127728	2.189292358973065	2.1408234397072543	2.0042206740287063	2.0554365022729426	2.0397964673219655	
O60883	1.951441774688654	0.0	2.0941718065993427	2.130727575266252	1.5778853640940533	2.0498475553074673	2.028392220454416	2.4571136333933374	2.2820556035683657	2.167361442238415	2.088859337852441	2.215851980616035	2.3397923196671866	2.3648467180770933	2.145926373387494	2.305583285356288	1.9428152897277708	2.023477899537664	2.0356938833667653	2.238582140552364	2.077859475518015	2.1847676939535736	2.1357083134173536	2.4140491163384965	2.020359337309048	2.328223571738762	2.195845062200447	1.992434671041274	1.9839984879026509	2.25388553391693	2.039607805437113	2.3054622638421134	2.0253086184579376	2.4300205760445737	1.8939442424180364	1.9242471963672638	2.214723459035011	2.0692636013451393	2.039335403725657	2.4605872867911778	2.1213203435596437	2.0632887567733125	2.0610137742814296	2.0074859899884743	1.9875633733960048	1.8276225216473614	1.9464525902139027	2.173683040184028	1.924597119938112	1.967147534245361	1.9784779503446581	2.351161241530126	1.9874606914351802	2.104756517984919	2.152018455300201	2.185897561220138	2.1246876289612917	1.9908122295518818	2.0344755857691945	2.1402376699681316	1.9328179231285454	2.0805314492002065	2.0440518946807953	2.0000925904493463	2.2690013986198374	1.8713297411199337	2.187026844771936	2.058679981275898	1.7129308892669788	2.272383728741889	2.229100466306732	1.88719047509078	1.8777202489543892	1.9991953398606208	1.9235384061671352	2.2272431939278565	2.013241291019974	2.131863914512368	2.1982947936980617	1.827770171999995	2.173906108504929	1.7697572761049833	2.1059293130598995	1.8920887928424506	2.0014809331907037	1.9220295343371296	2.009975124224179	2.3002415332114814	1.7949045711847011	2.356685584066904	1.9773719933285194	2.0643722176635753	2.192832049358595	1.8838811704730236	
P08100	1.9986974925352439	2.0941718065993427	0.0	1.8740923729160797	1.7566013059735976	2.298474735800051	2.272648357215775	2.069770667799684	2.5043172599076993	1.99506293988994	2.2305399888760817	2.435843454192681	1.979231005188841	2.2988523706889543	2.0982797186690294	2.3671025755498234	2.2666245400497105	1.9363138420116317	1.7726625214799605	2.4359859970405777	2.3318447632722044	2.364866294865863	2.4979157978869773	2.309258727630452	2.084629226588192	2.6064156955055697	2.44160449436166	2.4868132947231474	2.270737765573119	2.1173883284209665	2.0803311702173253	2.1587395048963187	2.072890493972125	2.354074481970923	1.6160353486028358	1.708564285940661	2.392116682401221	2.0000000000000004	2.0088692231092486	2.4107657254946946	1.8929694486000923	2.429245678786162	2.3972206128486944	1.8909139471577119	2.1539395957902188	2.2235256948133286	2.215439603204151	1.9727451320454645	2.4113927126900805	2.059045755073842	1.8925108248626272	2.632433325921002	2.0483055327649624	2.202691955733224	2.3029866553058373	2.351778943168526	2.159183942705887	2.087588247561772	1.8257418583505538	2.2443344307471293	1.8264961413235936	1.9442460216219015	2.233305693582421	2.1459119906475532	2.363267655938584	2.011684617428886	2.1111111111111116	2.166535841157588	2.059491677278327	2.2680353217944607	1.9364916731037087	1.8961909652920155	2.0201530928418574	2.1754988114949287	1.9324710720847667	2.237588595137283	1.9516657197702583	2.2015422309018837	2.066196183005542	2.016005742846049	2.127479917390074	1.9331222028747093	1.946823940881693	2.0829999733290667	2.073495289613503	1.930905244109197	2.0212757247727384	2.719953703309701	1.9738364283158552	2.197962158277406	2.0088692231092495	2.14325393151768	2.0307552639716993	2.252230809219643	
P08173	2.0840165546367433	2.130727575266252	1.8740923729160797	0.0	1.746345390300046	2.227526655283837	2.132926393479156	2.335158016701003	2.314447378245327	2.0502705839609607	2.0872629605937694	2.156385865284783	2.0467470663760596	2.424355584480131	2.2781571499789033	2.43281142478644	2.0517142223029006	1.8708066055506385	2.2329056783919556	2.2014199962751313	2.0802644062714717	2.396731313196021	2.3656394484367227	2.495214354430539	2.067652094813145	2.4760098949721496	2.242139621576816	2.2138709288926317	2.1785889929034328	1.9493588689617933	2.2538855339169284	2.31033682609268	2.187892821872223	2.4525496936861435	1.7033996148684203	2.0930621325964243	2.177154105707725	2.218023811781476	2.0572365498945957	2.402422247037607	2.1954498400100144	2.4461862481204952	2.2183577509299774	2.0273134932713295	2.093283720543844	2.077134997037595	2.070034135543191	2.2326885047367617	2.167350319493231	2.0981889081336016	1.9168659316707561	2.527441232486618	1.9773719933285185	2.211334438749598	2.4208292383362013	2.1995790843132115	1.9286658772622336	2.309641626842667	2.2601287171711744	1.9597492910958323	1.6223898299516595	1.9464354885562247	2.058676309706833	2.1381023084692377	2.4218815421241464	2.094486810653149	2.1496195471596518	2.0314366083827378	1.989414133618569	2.0212041639056038	2.1281186266016485	1.9122714260586595	1.9964551919172475	2.214461747343997	1.6186414056238643	2.322076832563154	2.0280878915539553	2.0414072964501706	2.332916629457641	2.1279136563605245	2.2692518882291153	1.9619336567451482	2.1770123371376155	2.1633307652783933	1.9914632625097364	1.7760060616068278	2.107130750570547	2.3418890760333735	1.976807875384321	2.4781524709794365	1.9467922333931782	2.259944012309931	1.7096952509847112	2.192945112049731	
P21728	1.6796370308955306	1.5778853640940533	1.7566013059735976	1.746345390300046	0.0	1.8366447367111831	1.8814703174792733	1.9130400472081672	2.379017070603366	1.8671240458251177	1.6921660456131162	2.043621513120492	1.6655471446623022	1.846543317180028	1.8577914008006629	1.968249967993887	1.9557829137088691	1.5373935642942957	1.5038785179920182	2.052268392670792	1.9507833184532704	2.0991988477676755	1.877313387678135	2.0161963361759208	1.5553075199077135	1.8675779025845811	1.8667595165809752	2.202702679203557	1.7509917824542247	2.0395397084200693	1.7106691348384386	1.8447796089385733	1.7495038979347515	1.8856180831641263	1.5613965341394782	1.6074715072014953	2.2063670491456207	1.8590369868613488	1.4125430180273375	2.1774652408898394	1.6257476912348845	1.8170573823806992	2.138470377525852	1.3770943645549083	1.5396774259447068	2.012679478905486	1.5993104287681537	1.6582696634275123	1.9275055843700641	1.568437982298276	1.941416292870291	2.513878709842712	1.64814710778161	2.0292992769809866	1.9649187398401193	1.8238390523532741	1.6325537859732222	1.7671121031743242	1.681186750152669	1.5333232688880654	1.631709852626643	1.6914819275153707	1.740716114877035	1.7879483379726775	2.232230157022996	1.6324615020133115	2.024350223444672	1.7984860728387686	1.8082906458000025	1.7493189244788319	1.6351180725290488	1.8033287069253539	1.5275252316519463	1.8303097117448042	1.6979562878812755	1.7994314420780881	1.7763980383960294	2.0990035665101234	1.5876257605479822	1.7208646416218225	1.77639803839603	1.8834748005383672	1.822146001115914	1.8238390523532737	1.650617168527286	1.9497942278261555	1.6851475372270004	2.2157893000513877	1.5689326210574464	2.01781266530116	1.7766228887664617	1.746676468269742	2.0770152129134773	1.7537674257593932	
P35346	1.6007810593582121	2.0498475553074673	2.298474735800051	2.227526655283837	1.8366447367111831	0.0	2.358495283014151	2.2964596342744312	2.453384850002587	1.8925216811464716	2.056071631912556	2.0116846174288847	2.1686094013300754	2.2741756748325317	2.5093574874855915	2.4408173396865007	2.278465766694773	2.1804860990382804	1.9328540003779011	2.2465250944514286	2.361805453461398	2.3731311685639875	2.42706097986845	2.397973595948026	2.3145323901784534	2.200852107707376	2.1008594758312795	2.3681426244624553	2.1323402636539974	1.9292161620720476	2.2015619455286743	2.359323261022109	1.75	2.414150989478496	1.9625562580766203	1.9918156404282368	2.3284920012746446	2.1848860043150666	1.8861152020901466	2.6732685603804143	2.2015619455286743	1.8406315173646386	2.6229092202700772	2.3434749838647737	1.8934466736938886	2.2474711790544215	1.8199919966221265	2.067345113019724	1.7939262237606939	2.045549240232284	2.384848003542364	2.449164268121863	2.052285311549055	1.9162137145944864	2.2761262574042265	2.429682382839675	2.086055384239764	2.31653177065294	2.1082225387105775	2.1628795249634627	2.2054531870639598	2.2526989984855454	2.1312544123990387	2.2762105041624032	2.2561565430924277	2.1213203435596424	2.142808457706791	2.429293485096994	2.219461022727129	2.2748260548625825	2.277227236989952	2.2150178477258247	2.237232293109799	2.3534351503537168	2.3847169643376978	2.3503012182115155	2.317819713252197	2.4454996933142312	2.121173024531474	2.2045161666283186	2.3615320615409714	2.193086888848871	2.198264958361593	1.8965429075030165	2.2049239929790803	2.3469756609488774	2.3509306667785843	2.4047840050846787	2.011508417907296	1.9010585893997525	2.429377492280687	1.9281580244748964	2.421574644798417	2.0681505991649733	
P30542	1.9039432764659772	2.028392220454416	2.272648357215775	2.132926393479156	1.8814703174792733	2.358495283014151	0.0	2.144788040982312	2.2138296381308713	2.1794282608929114	2.3090251670829014	2.221345313092946	2.078986512066726	2.2395591083961146	2.2114757516192665	2.1799615003153487	2.0242668425877057	1.818146306471385	2.182735365931004	2.019436802675439	2.301494079940246	2.3183630213505033	2.0879116360612584	2.1338139521168484	2.412952126123302	2.0	2.2635895851318444	2.3012169584365396	2.0348525745124633	2.599879804914066	2.14111536354303	2.275034340400162	1.8874586088176875	2.2114757516192665	1.813595066743319	1.958736257711263	2.050152433357091	1.6633647848284532	2.084449700893633	2.081793648736198	2.093889920697838	2.171246939342677	2.3453115168589243	2.068665028466426	2.2609568815897765	2.0208574407707154	1.8889289785352992	2.282852561232664	2.264485265688104	1.897114762339801	2.1213203435596424	2.3770131102984298	2.0492376631323173	2.3195276099527966	2.249568499057688	2.0018799035277204	2.304746046496874	1.9288561665171176	2.420614591379635	2.1158116529165083	1.9380581041021525	2.2106905658137177	1.9240497895305608	2.0088058457516307	2.1109982888458734	2.23606797749979	2.1797592318056545	2.1752756100301025	2.1051577255841853	2.1069543556529013	1.999565925116971	2.1840958435881968	2.0425168297960234	2.115693032299445	2.0370014727535173	2.129047765494025	2.042896127260722	2.228192933746986	2.2303306929690945	2.0784895481221186	2.0148916157303582	1.8314674332850351	2.2280738927614006	1.9129492936301258	2.149100802489092	2.0753086190245376	2.0222203144069137	2.2106905658137186	1.866458174005491	2.581697140248433	1.9658013633121738	2.1658734157519977	2.051978233174389	2.1450199386462776	
P35462	2.2266015875386493	2.4571136333933374	2.069770667799684	2.335158016701003	1.9130400472081672	2.2964596342744312	2.144788040982312	0.0	2.7777777777777786	2.2252609073167715	2.53859103528797	2.548783297241313	1.9800814062224397	2.13383240690096	2.433371384786198	2.177324215807271	2.489532484371461	2.0585253904145397	1.8733221244791443	2.370487916645636	2.507858020672592	2.6897152082022684	2.451142968464274	2.0497857790713847	2.015373016357452	2.056353073517037	2.3495435867013863	2.5612305125609396	2.110105754765931	2.2562669923439342	2.1503660325800533	2.3654474069793197	1.9101640902948256	2.167734779458519	1.8772395053353739	2.186582900588218	2.4190601174530264	1.9277057303219427	2.1253322180395795	2.6058832211087157	2.100705348915684	2.3067266102251893	2.6510654741345325	2.077569805396751	2.1965065370943275	2.60385202180806	2.103970331055998	2.137515387841163	2.4241582476968264	2.1083302935913077	2.0723320644108134	2.873629680989155	2.2466435870888395	2.3765832929119375	2.535567719441327	2.5458753860865784	2.1692962781072533	2.0727509006864047	2.0993826252990218	1.8625616238044693	2.1428906668708576	2.248970958098475	2.157387537660846	1.8921540406584905	2.136321603233329	2.1366781504284926	2.2933074933944777	2.1726326374873963	2.1608135959374484	2.406388968481809	2.110379990358065	2.093330492679723	2.015564437074637	2.4739835575617706	2.4557566534045563	2.1569203431260697	2.435893718187532	2.5229559474875822	2.1753458643695334	2.12416821438409	2.2706387710350815	2.400711660675266	2.1829869671542785	2.068726571983265	2.16951379886296	2.5700074458267514	1.9786826893630998	2.719953703309701	2.1499484256289136	2.336807069239799	2.370810144389622	2.0434157670372834	2.336807069239799	2.198519133175994	
Q13255	2.0228726823230594	2.2820556035683657	2.5043172599076993	2.314447378245327	2.379017070603366	2.453384850002587	2.2138296381308713	2.7777777777777786	0.0	2.8714514446668877	2.454524670486058	2.29975844142138	2.465557043249454	2.520747243709031	2.3863035105460586	2.3231068414572333	1.723635732656086	2.376615491356509	2.548699230704761	2.3340772623601542	2.48467525264593	1.8625616238044689	2.4923494047896972	2.9640626383612183	2.533723166886974	2.369144829304917	2.6076457476564747	1.755296487673008	2.5880333588782576	2.372293779821078	2.271807894851834	3.0923993965491876	2.1290810485068694	2.6666666666666665	2.116661786072766	2.5346089292516956	2.0682789409984736	2.211083193570267	2.562984371565478	2.3608676678553406	2.4528894525980327	2.5067809272618833	1.744409058381367	2.6093847721041237	2.60885462396424	1.4664295829818401	2.278376816567805	2.739130239167204	2.5676044462869663	2.491860026402883	2.4547997202759064	2.55284288641528	2.5464572339712372	2.8136571693556878	2.7480194290397617	2.213873205019031	2.2709083630539637	2.521512381757826	2.4984843890695507	2.6597131563524052	2.3165472549838046	2.605638472975837	2.41139271269008	2.3438914566365536	2.6090719108195692	2.41630744456633	2.496911672693804	2.125858503385687	2.3611097607083043	2.8776268621312666	2.7872062210246513	1.724710162367961	2.5124689052802225	1.9438484284539175	2.3	2.2517315081022673	2.7726858748358496	1.6975012272946004	2.93773344226085	2.3254490961151126	2.6649443473843224	1.8874210650101355	2.6364023372677052	2.4094720491334938	1.9586780626449112	1.6887426837300752	2.4691429012243633	2.536766679295751	2.0983985852450173	2.7602384746790003	2.3194827009486407	2.7076987744321244	1.8457505857989172	2.490754253095091	
P13945	1.9776160488543757	2.167361442238415	1.99506293988994	2.0502705839609607	1.8671240458251177	1.8925216811464716	2.1794282608929114	2.2252609073167715	2.8714514446668877	0.0	2.014249043947984	2.1209018959091446	2.141870256574801	2.463415750490224	2.3072114883709753	2.669606015996074	2.5797783048298943	1.9765484072099786	1.852526614769214	2.5360200963308794	2.60198774722065	2.7272726165888543	2.5246198964006004	1.8219568126656942	2.3972187844466877	2.4538830778509633	1.8767333911424176	2.686678348939102	2.1547474075938795	1.9928125288516063	2.4811120812577805	1.3911521049094822	1.8173585666464716	2.405153490654904	1.9599141898239885	1.4885252330926486	2.5355461113614637	2.3026535683987754	1.6749851579704924	2.9426142092114467	2.335790478566799	1.9424851592126553	2.8351461888058025	2.0482060269890052	1.6253337929216989	2.4178071823589025	2.082120125339337	1.8174193025124366	2.17475605147107	1.839958347656559	2.2144420738020796	2.3422839123074666	1.9650195355639422	1.512603200384885	1.644427563571688	2.48590151324474	2.3656940602533916	2.052083176894036	2.1900061529532526	2.283187399256616	1.9134661307116485	1.9439360188116785	2.224620664918686	2.5419987442175835	2.46538651341899	2.2902182979076486	1.8485462497963259	2.5820200769584827	2.1417218465737675	2.029370147426603	1.7405233216672473	2.207931522969553	1.909277412186713	2.498294907977583	2.012402373684117	2.4669778989913596	1.6572688898044272	2.718277053674357	1.730038307199785	1.9059760957315597	1.8656918039642376	2.1733252383098254	2.2119915717333862	1.6899459043896392	2.5340006560783443	2.4613307129806223	2.0674570607934895	2.695266993882113	2.2034347421775604	2.12802384867122	2.1999462069808584	1.7919754982842018	2.5192592797676245	2.246464721713751	
P21731	1.9777407143843044	2.088859337852441	2.2305399888760817	2.0872629605937694	1.6921660456131162	2.056071631912556	2.3090251670829014	2.53859103528797	2.454524670486058	2.014249043947984	0.0	2.0439612955674535	2.0518978202703275	2.3288647687470205	2.214221709264404	2.218250418828976	1.992716773374704	1.9903347725664278	2.2021360362453537	2.2950732256534017	2.596739408480481	2.3094010767585043	2.453031004922505	1.9146825335994342	2.385656728175988	2.6010815058356025	1.7499836021795043	2.216844399810354	2.1961139921840727	2.2248595461287	2.204792759220494	1.8541666666666679	2.240334176461679	2.5248762345905194	1.9004131782151714	1.847739541748625	2.3570226039551585	2.1227747971714237	1.9356308187943982	2.6819291124435676	2.0179747823553766	1.583089649863891	2.225774937875363	2.032513495923487	1.7470415550327771	1.9912886623137067	1.777835168954259	2.0861545523586065	2.2054925823643585	1.7370800785413958	2.4491353349475995	2.549732100995726	2.101851036057927	2.0184335693983284	1.6577671666917564	1.95946578761649	2.0998928653418694	2.012307808474983	2.2270150335361367	2.1169509870286287	2.158545917394926	2.1349169469490783	2.317405957179358	2.4993826398226653	2.578473594415408	2.3075209160000663	1.825741858350555	2.345932940334022	2.052121570101456	1.6088594299539491	1.8782379449307751	1.921868724065549	2.03385694533172	2.0818506834925334	2.1501937897160195	2.4702309236843707	1.7468323686463436	2.2452689457810817	2.0500000000000007	1.574300025195218	1.5925676779964755	2.33818737089351	2.293307493394479	2.034425935955618	1.9821736416568092	2.2470831573507426	2.1335937341073685	2.4475989746567444	2.1462001708328433	2.163220399706031	2.292984469589313	1.673286174363249	2.2858208685631665	2.385100675896047	
P24530	2.2479157012663977	2.215851980616035	2.435843454192681	2.156385865284783	2.043621513120492	2.0116846174288847	2.221345313092946	2.548783297241313	2.29975844142138	2.1209018959091446	2.0439612955674535	0.0	2.1886257433896956	2.56661255354212	2.339871791359518	2.2424476423255517	1.9923682516041052	2.310235936575447	2.344326719677751	2.399218622802016	2.6100766272276377	2.1470623053861018	2.430277761902948	2.214796930598149	2.423648917247314	2.2617747456367088	2.345384072232305	2.3567099169505497	2.36246693098549	2.5079872407968904	2.535744466621193	2.317899102635833	1.8157298807917437	2.5787593916455256	2.016461182983531	2.1574395598823752	1.6881943016134147	2.349152723540664	2.211083193570266	2.6395732493673125	2.4310491562286436	1.990098949087833	2.36455304679576	2.2759613353482084	2.237436579878767	2.172493473213777	2.052613733875876	2.368371523530333	2.099382625299021	2.0189187843623726	2.604683282090166	2.6641995390123236	1.9595917942265424	2.2876479915697985	2.3240446277885165	1.9869947529241605	2.002890473274533	2.231093404090868	2.404541158270779	2.313140134957375	1.980900538176704	2.220798154818317	2.0958512811248315	2.307796768765813	2.456145977181424	2.279665545644799	2.3328041728019047	2.374180846919112	2.122294096350683	2.2315648448576924	2.038517980189421	2.2859583409004163	2.330057223903883	2.37183589995855	2.2956480566497994	2.47023092368437	2.4616060067020085	2.2999660323578692	2.2830900113661747	2.166232209037405	1.9552852722474454	2.277664396271061	2.281433380926329	2.1886068628239297	2.257907914009815	2.0703670575737108	2.6019223662515367	2.5614665937917516	1.9804335894617706	2.6382438436415234	2.0639767440550294	2.0326417916251813	2.160884422546313	2.274544727853964	
P28335	2.0158527203351553	2.3397923196671866	1.979231005188841	2.0467470663760596	1.6655471446623022	2.1686094013300754	2.078986512066726	1.9800814062224397	2.465557043249454	2.141870256574801	2.0518978202703275	2.1886257433896956	0.0	2.094981212562952	2.0218333060258384	2.1820887278148593	2.066909261343637	1.7368157431402529	1.9069251784911838	2.2168704208432928	2.2992767457874685	2.3324586230503677	2.450596570984096	1.981811272695489	2.0965375861203412	2.126943690559277	2.2193737483152183	2.474809842755731	1.8416805342085383	2.3614500377928254	2.096336828654583	2.1945723924120597	2.192062832769608	2.0441915292517137	1.5212000482437742	1.8295101634089184	2.1179086831312257	2.0917140889264205	1.6664793283142778	2.264698248074604	1.6470609938175853	1.955843538357828	2.4592398057948475	1.8118526202082148	1.9346726700816708	2.3399099344104086	1.7837651700316894	1.9465037137667829	2.040379037750603	1.8295101634089188	1.949219752780096	2.7886113957690943	1.975553066195736	2.2614873576632095	2.432229759100955	2.0213128259255164	2.1144915181114565	1.9715608896500756	2.208174145725657	1.8611642194634643	1.838522583286972	1.835069926331716	2.1707068356905372	2.097340423818296	2.108580643283347	2.2127016413694385	2.175097205243935	2.2879269101738933	1.9134150163499246	1.8905449229332367	1.6729221449947882	2.123378512960543	2.1272775835220408	1.9827244393386234	1.9744023052078115	1.9688928476101026	2.2044283005422067	2.3187318309194374	2.089332409492414	1.7104443383842527	2.130068093429087	2.139588218949833	2.068784522631955	2.2409598002744895	2.0156830771536782	2.1399842758171905	1.993646934432863	2.600637415684936	1.9098109101450802	2.3618874648666504	1.9764731925811028	2.034354544953372	2.0388783174550733	2.1164448594223293	
P25105	2.0953818267800264	2.3648467180770933	2.2988523706889543	2.424355584480131	1.846543317180028	2.2741756748325317	2.2395591083961146	2.13383240690096	2.520747243709031	2.463415750490224	2.3288647687470205	2.56661255354212	2.094981212562952	0.0	1.9605483926697653	1.8002975944469377	2.271597730673281	2.0135132324348115	2.140349280216272	2.358495283014151	2.200852107707376	2.1134855068474727	2.2638462845343543	2.3588088710068966	2.2907826577799084	1.996089927833914	2.002194044476093	2.397649784642435	2.0463381929681126	2.4109126902482383	2.222048604328898	2.39220740112558	2.019436802675439	1.7940875118009154	2.054148191681513	2.114613654805745	2.462214450449026	2.0877730471237292	2.0651203892805428	2.3606575528086773	1.8062391868188452	2.101770270891882	2.395191943132	2.1230873745562153	2.1738825419333145	2.3832429458146964	1.9594283615718717	2.00095640397592	2.0877730471237292	1.8847199849016303	2.2878756522153907	2.4992345767029858	2.139509289533467	2.4916527312876755	2.544645730448764	2.3368029758942344	2.048608679240903	2.2561643951134807	1.9583736295016003	2.071447576389129	2.307126043048449	2.0069324297987157	2.2147443628086285	2.2520566731899225	2.263564553927261	2.315032397181517	2.5186036205665365	2.399245204438348	2.300848747457704	2.0352841710200407	1.9773017529507793	2.0693533249281058	2.160246899469286	2.159762978793616	2.2028390771910686	1.886106560930128	2.4843518535488087	2.24565552790271	1.8207141456033127	2.110701775114398	2.367239386722346	2.109562775088908	2.121502204792226	2.34787137637478	2.0075090516838507	2.637133919360558	1.7937391114652095	2.623346039782865	1.9565519321341809	2.2269248336834426	2.0778594755180153	2.0400955359782453	2.5280451729931994	2.3276322520592565	
Q15391	2.2395591083961146	2.145926373387494	2.0982797186690294	2.2781571499789033	1.8577914008006629	2.5093574874855915	2.2114757516192665	2.433371384786198	2.3863035105460586	2.3072114883709753	2.214221709264404	2.339871791359518	2.0218333060258384	1.9605483926697653	0.0	1.642080561796092	2.0851034147015346	2.1433637732458783	2.267949523539339	2.207940216581962	2.4558603380485624	2.2733697184011254	2.1866069605669876	2.2169665826084004	2.322394996230942	2.3351927115336757	2.262020233594316	2.4619554199448697	2.2707377655731187	2.371708245126285	2.2022715545545246	2.0549102778466994	2.011684617428885	1.928406077567689	2.0416631528614277	1.933555368650291	2.2980970388562794	2.035563440062363	1.926280238063911	2.2896172035463724	1.8708286933869702	2.1748421256737096	2.352185744744191	1.9798989873223318	2.0491411839687217	2.0568038741870227	1.8749655644220755	2.034147266556878	2.3104032035475903	1.8218712567119155	2.3082731640774234	2.4026983130791657	1.959591794226542	2.3892118644719087	2.3078525585384924	2.139790574730084	2.263389909913341	2.09827971866903	2.0085046450259725	2.3077298983959587	2.0279554496549284	2.1953233120532483	2.296333631715599	2.265890389948124	2.1647689229559632	2.1469455046647083	2.4072293381436998	2.3370354498546986	2.0926376254394734	2.1152097829850125	1.918477405536889	2.0559854388023933	2.25924028528766	2.279838669700467	2.1011901389450696	1.9212825223303953	2.1863116606938613	2.293843662937821	2.0802644062714717	1.9930146607630672	2.0467167822580774	2.1074454988474183	2.2439906031800785	2.274862633215465	2.1365427247810453	2.2706528130762003	2.116601048851672	2.9059326290271152	1.9080344501968507	2.5934995024910807	1.8179658962697838	1.9620116706886241	2.5403764281488317	2.4960712932178932	
Q9H244	2.269262781484017	2.305583285356288	2.3671025755498234	2.43281142478644	1.968249967993887	2.4408173396865007	2.1799615003153487	2.177324215807271	2.3231068414572333	2.669606015996074	2.218250418828976	2.2424476423255517	2.1820887278148593	1.8002975944469377	1.642080561796092	0.0	2.1571879430009284	2.336507651329768	2.38823365196692	2.141219612410514	2.48746859276655	2.261556642662702	2.166094246729418	2.232095096699524	2.39598429476087	1.912715907514009	2.372361518309072	2.2096726140368603	2.400706741179117	2.4741520914100197	2.0580851016695796	2.5772658200393024	1.892772909176981	1.9502747059251502	2.1383660137995197	2.2620528545732785	2.1044171232366056	1.7802562088958376	2.3026554718894072	2.32992949004287	1.8106825863666531	2.0629425397714294	2.1669963119195703	2.169265840258931	2.2587697572631287	2.2557560537765724	1.9333645453383057	2.425418120907093	2.290999181291267	2.0176318426949043	2.2839697583687166	2.6534536601438155	2.257685287444391	2.663688813513714	2.652611593716181	2.240795399219667	2.0228914277472647	2.2110831935702673	2.354878881270658	2.1450899595924353	2.151850470790725	2.363117728092572	2.2337005147105087	2.067639300055085	2.2677868380553643	2.123949320084102	2.546221740130231	2.325545799442816	2.2384427037336625	2.343495160842592	2.1593282318115548	2.162800586431472	2.408442492171079	2.2578473030511175	2.507987240796891	1.9112983086085238	2.576572318304337	2.2060438491303196	2.393965628109859	2.0693410480347283	2.2044283005422076	2.263282788250695	2.2006893260295017	2.4363321378076286	1.996359119860388	2.2658417422021064	2.148421347341877	2.7995180991202018	1.978550930888403	2.6690760465278554	2.0894291770036824	2.170065361566188	2.359136575891105	2.5669316575617436	
Q9UBS5	1.9008632907181937	1.9428152897277708	2.2666245400497105	2.0517142223029006	1.9557829137088691	2.278465766694773	2.0242668425877057	2.489532484371461	1.723635732656086	2.5797783048298943	1.992716773374704	1.9923682516041052	2.066909261343637	2.271597730673281	2.0851034147015346	2.1571879430009284	0.0	1.992860772838223	2.25089657297518	2.0587086365000755	2.19463123325993	1.8181849966652914	2.1514893097573133	2.476204245012465	2.1286393128179495	2.19463123325993	2.3023986436894046	1.7192311478669524	2.0851034147015346	2.3091191502388964	2.160909819960102	2.5418374259578442	1.9931523398877469	2.2887291779500694	1.9248285986802869	2.236623749193087	1.7600159800410904	1.8828155015728343	2.361338632828609	2.3420274282103954	2.087350294033084	2.099807549235682	1.8613997495910908	2.1884997715330012	2.2469686212081106	1.5612409893641497	2.0631572957143884	2.359661127737435	2.1513548164578293	2.0037171680827184	2.309119150238896	2.4307533528198415	2.2270005051638404	2.371433725969728	2.348187367464933	1.9915547969511809	2.0533701007517275	2.06796414244649	2.1245821781748484	2.215321316186575	2.171948854948568	2.3685035418545985	2.0465856276934717	2.1524305275492446	2.3452928595249616	2.275034340400162	2.324771411170899	1.9154022929602952	1.7599792946988304	2.17246523896173	2.3412254922487827	1.6225402264141804	2.2750343404001603	1.8130219389290518	2.2157462061346296	2.172506927961522	2.44450941731103	1.6417406920704622	2.516849469078356	2.0331463652580406	2.173850567845525	2.0147138919277197	1.9452999110232754	2.1200309549626852	1.831714879054094	1.900761807152824	2.2829873521331643	2.1997671909646352	1.933631573222801	2.7075816132018553	1.9005344643020805	2.268437074332035	1.8742508834110074	2.2066312180889294	
P41595	1.8344795127350504	2.023477899537664	1.9363138420116317	1.8708066055506385	1.5373935642942957	2.1804860990382804	1.818146306471385	2.0585253904145397	2.376615491356509	1.9765484072099786	1.9903347725664278	2.310235936575447	1.7368157431402529	2.0135132324348115	2.1433637732458783	2.336507651329768	1.992860772838223	0.0	1.8519589806784869	2.2487944428695545	2.2956795569284436	2.164823448978797	2.298771231235009	2.2002538319550786	1.924103232061055	2.3224392723069682	2.126184647913909	2.4048865893229743	1.7288419904951338	2.1225861350782558	1.9059497968464902	2.2165864349385793	2.1357288708816387	2.0787691049598407	1.4171324789199904	1.954016841836789	2.4150868779609524	1.8546015704192467	1.9266913550421425	2.4084519753410145	1.8891819034870119	2.0696720744271815	2.229512376323572	1.7458806298122787	1.9135031616921985	2.1176929903805037	1.6160353486028336	2.0432682605780004	2.2099754363897306	1.57983156336207	1.861383061281703	2.3863967662688363	1.994289367831215	2.1086206372260374	2.219726267675472	2.0544322247634055	2.061051645228116	1.9647957669633134	2.0710519545262764	1.7703875318867055	1.743938735750081	1.9585201540335857	2.0396288156280433	1.9869485381909224	2.2449884217962	2.2748569567235912	1.968790260097886	2.1586197122783046	1.6861124537264909	1.8124303868787712	1.8611710720437027	1.9499661052157236	1.815670614294984	1.9499661052157249	1.8463499842832645	2.114331982007554	2.06705763652765	2.0357011782651417	1.9779831534600854	1.972957674019155	1.9025863214960315	1.7809262846728648	2.0327388775119544	2.072747208835544	1.9190656524120075	2.1337532108995125	1.7304516202186517	2.2673167921973283	1.9536170397182482	2.5291686805897373	2.123228478886273	1.9718781035313446	2.0246415864836442	1.6185903467968048	
P21918	1.6668947846641353	2.0356938833667653	1.7726625214799605	2.2329056783919556	1.5038785179920182	1.9328540003779011	2.182735365931004	1.8733221244791443	2.548699230704761	1.852526614769214	2.2021360362453537	2.344326719677751	1.9069251784911838	2.140349280216272	2.267949523539339	2.38823365196692	2.25089657297518	1.8519589806784869	0.0	2.329129674647229	2.286661827653925	2.4368150410173017	2.2648157752602684	2.200398294159824	1.918607034746883	2.2028168011671174	2.2672661660618045	2.3580371098940978	2.0981224388950808	1.9330744578272552	2.1384902374964856	2.1366129569217605	1.81459162584727	2.217278131865641	2.008247457670411	1.7930075384832733	2.363636363636364	2.0410540018893957	1.7747126928977603	2.541774440184092	2.031670728837039	2.238279908610827	2.5409989865017906	1.9039324246637406	1.892408781631341	2.1666526114122173	1.9177293736117254	2.007417935244118	2.177535077647727	1.9134150163499253	2.1031939013740177	2.626846104887384	2.138277672557677	2.106006103502309	2.223017419028233	2.382082900960044	2.2137810294338034	1.9799268150205618	1.786080245853499	2.211544595297619	2.082988952252655	2.064988099094791	2.102806147632484	2.2036644773795317	2.4465616049800163	2.00499762989081	2.0539355291841797	2.3120530866439055	2.176128946106513	2.2122231450695913	2.055642417443516	1.775223881371414	1.8498659768295114	2.0880555497218016	2.0680369579637925	1.9508205434416013	1.9875646462795857	2.3742046841482316	1.9207490360544595	1.8851310321207007	2.176128946106513	2.195150975605276	1.89890930411394	1.9260073032653342	2.094985778398671	2.1803680178810723	1.8261869229862402	2.5600680804767375	2.082441366752564	2.137813821146336	2.345877340328724	2.114322010601368	2.4206412646717	2.0368505911280064	
Q9NS75	1.948557158514987	2.238582140552364	2.4359859970405777	2.2014199962751313	2.052268392670792	2.2465250944514286	2.019436802675439	2.370487916645636	2.3340772623601542	2.5360200963308794	2.2950732256534017	2.399218622802016	2.2168704208432928	2.358495283014151	2.207940216581962	2.141219612410514	2.0587086365000755	2.2487944428695545	2.329129674647229	0.0	1.9685019685029528	2.375690283051993	2.143303524935281	2.3501306145245295	2.2129145353449022	2.1396553460779613	2.2689172609837676	2.4646738824718337	2.449489742783178	2.5359909305831523	2.3358617253596163	2.537992563030869	2.168668946612184	2.1139418156609704	2.0381815140702058	2.2150056433336682	2.318404623873926	1.7817880116665181	2.1154524076161323	2.2886420980706483	1.9316443772081866	2.281585570617368	2.414683093998971	2.2530534836084115	1.9725475602760554	2.314504325359718	1.9543472415351033	2.454821370117116	2.1362718477308573	1.8794368991406007	2.2325713874364688	2.754981573329984	2.295920294783772	2.351860965278347	2.5366033408626856	2.114489256254289	2.004450111111246	2.3131568136303358	2.2956233061276334	2.191189569251155	2.0356456729463313	2.263079269000045	1.950486643929701	1.9717331161902925	2.632823618110722	2.117634293262177	2.319818665752845	2.218458050639899	2.3981850058563143	2.2113294215586445	2.1706693796051844	2.334416971141982	1.9764235376052366	2.2995081842153455	2.0545680811304354	2.2219050935847733	2.3533978424734476	2.1460355891736747	2.461452823029522	2.006510580770457	2.208934244351282	2.063562651417818	2.3118221395553493	2.3197521419324096	2.1599789950967714	2.03262358590451	2.070326061276339	2.7035213662513895	1.9105251457919132	2.6471663471382914	2.0337772739412743	2.1015361242749675	1.9904861526689768	2.1506413611903796	
P30874	1.8157298807917437	2.077859475518015	2.3318447632722044	2.0802644062714717	1.9507833184532704	2.361805453461398	2.301494079940246	2.507858020672592	2.48467525264593	2.60198774722065	2.596739408480481	2.6100766272276377	2.2992767457874685	2.200852107707376	2.4558603380485624	2.48746859276655	2.19463123325993	2.2956795569284436	2.286661827653925	1.9685019685029528	0.0	2.4227254828874245	2.4238399287081647	2.7485203119725057	2.150043065890818	2.433490291741473	2.368766286278211	2.390190411678876	2.222048604328897	2.6339134382131846	2.2830900113661743	2.61680267693229	2.381569860407206	2.2150056433336687	1.9665330066174083	2.2424114454999313	2.4109126902482387	2.1500430658908187	2.2999396127338265	2.503823606618731	2.2332711434127304	2.3951790571999796	2.2535774029553783	2.1348302040209184	2.2064955130204984	2.3669528906158135	2.361778115693469	2.3498263070851415	1.7982759232932808	2.235028241358355	2.1972994789058684	2.580094524451001	2.308137777516758	2.5535922410074274	2.74286325152532	2.3751218292339673	1.9432814966459724	2.343726851737539	2.446007879270741	2.0273972245647474	2.1621987202348265	2.093309447846745	2.0418083851041158	2.1414126524675594	2.5909477424451532	1.996089927833914	2.655503253785278	2.093174037441801	2.1554994052308185	2.4055378662651528	2.3033791601808757	2.264467137912387	2.096624270901521	2.261217710954029	1.9943670675179137	2.130619819753522	2.5003098981479988	2.0415603713826345	2.437211521390788	2.134791491163434	2.5764148002875036	2.0450911860314864	1.9897499687829137	2.2721135535003527	1.9513765321870538	2.0128828904991463	1.9918584287042087	2.4930458836085974	2.044836505127785	2.695554191014199	2.04144556625936	2.4642857142857144	2.098183984558517	2.2201881760765416	
P21554	2.1040176881620463	2.1847676939535736	2.364866294865863	2.396731313196021	2.0991988477676755	2.3731311685639875	2.3183630213505033	2.6897152082022684	1.8625616238044689	2.7272726165888543	2.3094010767585043	2.1470623053861018	2.3324586230503677	2.1134855068474727	2.2733697184011254	2.261556642662702	1.8181849966652914	2.164823448978797	2.4368150410173017	2.375690283051993	2.4227254828874245	0.0	2.4505132997188097	2.6058426011964992	2.2415823335368903	2.148113226089064	2.244993523105088	1.8119066738964709	2.636182823049875	2.552534446146699	2.305522088110508	2.704529023259747	2.0086137809413844	2.5715081802295816	2.058054470922764	2.3176480977115665	2.348495709760917	2.213873205019031	2.4269067850269566	2.1943834487346643	2.379049504152842	2.2852182001336825	1.8260123185932582	2.2526253544818147	2.4511349379936154	1.7060354085770673	2.198913571704663	2.310778037223435	2.3147407395555186	2.1046006615259487	2.480440460189119	2.562840843127176	2.1870550693897064	2.615244954653294	2.4722286860274956	1.9907192074632127	1.9651592382165384	2.1716466984102296	2.253566819931626	2.3174059571793575	2.185929534500845	2.1622105172687633	2.13437474581095	2.2443344307471285	2.5419632616310563	2.1682241553064396	2.4494897427831788	2.073783858326536	2.2353606101573686	2.3937270396153267	2.4526377838493465	1.8721012593590394	2.3162403018258853	1.8153822733783413	2.382782894220046	2.2062350090350686	2.5303584743618086	1.654454681521945	2.2536732704357454	2.186139566324307	2.302542922024369	1.871468287204623	2.2222222222222228	2.559055574249759	1.8130187635645232	2.081665999466133	2.5355010219084444	2.4374901076089235	1.9059057786957225	2.72483991754887	2.0872333865374393	2.2132898710774342	2.0475422691472076	2.320222028646858	
