	P37288	Q13255	P25101	P43115	P11229	P35367	P41145	P08913	P21917	P13945	P0DMS8	P32745	O15303	P21731	P28221	Q13258	P34995	P08100	Q13639	P41143	Q96G91	Q99677	P25021	P47900	P25100	P50406	P28335	Q5T6X5	Q15722	P35372	P35346	P30542	P51681	P41231	Q8NFJ5	P08588	P24530	Q15077	P30939	Q9Y271	P43119	P25105	P28222	P43088	P35368	O60883	O95665	P20309	Q8TDS4	Q9UBS5	P21554	P41594	Q9NS75	Q14832	Q14416	P43116	P30556	P30518	P34969	P08912	P21728	P34981	P41595	P07550	P29275	P30874	P32238	P43657	P30872	P14416	Q9H244	P18825	Q9H3N8	Q15391	P51582	P18089	P47898	P32239	P28566	Q9Y5N1	Q14831	P08173	O00222	P25024	P28223	P35348	P08908	Q14833	P48039	P08172	P21918	P29274	P35462	Q9NPC1
P37288	0.9999994039535522	-0.7041650414466858	-0.4732852876186371	0.7146739959716797	0.13261188566684723	-0.6453920006752014	-0.5554674863815308	0.3160076141357422	0.1016756147146225	0.516704261302948	0.3152621388435364	-0.3996313512325287	-0.7048865556716919	0.03668823465704918	0.4758686125278473	0.3499460220336914	0.2849246859550476	0.1901823878288269	0.2938035726547241	-0.4832199215888977	0.6060183644294739	-0.4803841710090637	0.4259929955005646	-0.44072046875953674	-0.6133063435554504	0.392264723777771	0.580149233341217	-0.6924780011177063	0.5166876316070557	-0.501803994178772	0.08123030513525009	0.2286887913942337	0.3718012273311615	-0.38010451197624207	-0.3894738554954529	-0.37086349725723267	-0.5018103122711182	0.637602686882019	0.3065226674079895	0.5755552053451538	0.21942612528800964	0.4297785460948944	0.4371749460697174	0.1523907333612442	-0.6149026155471802	0.4791725277900696	0.7030434608459473	-0.57366544008255	0.39315372705459595	-0.7242166996002197	-0.46052807569503784	-0.6484739780426025	-0.3896139860153198	-0.7182624936103821	-0.6811202764511108	0.45595836639404297	0.2460825890302658	0.7021481990814209	-0.6184391975402832	-0.5425583124160767	0.5443259477615356	0.06432870030403137	0.4858502447605133	0.27687621116638184	0.06694120913743973	0.2880915105342865	0.44930315017700195	0.3563942313194275	-0.4905654489994049	-0.09849745035171509	0.5927071571350098	-0.07062490284442902	0.3339333236217499	0.3943079113960266	-0.4407987892627716	0.049097299575805664	0.532164454460144	0.5417230129241943	0.24911002814769745	0.2539122998714447	-0.7233844995498657	0.15213605761528015	-0.7291463613510132	-0.4350396692752838	0.48579052090644836	-0.5368764400482178	0.7249096632003784	-0.7072395086288452	0.6061305403709412	-0.01899356208741665	0.6577818393707275	0.23278363049030304	-0.22655215859413147	0.5287796854972839	
Q13255	-0.7041650414466858	0.9999997615814209	0.4494237005710602	-0.6548447608947754	-0.43760228157043457	0.8805890083312988	0.5689553022384644	-0.17606349289417267	-0.30605873465538025	-0.5073825716972351	-0.4587755799293518	0.4791576564311981	0.9938957095146179	-0.4228368103504181	-0.6698651909828186	-0.5535033941268921	-0.5489763617515564	-0.31224384903907776	-0.20513677597045898	0.4951142370700836	-0.5367614030838013	0.5451845526695251	-0.44842126965522766	0.45031532645225525	0.9182771444320679	-0.2940613925457001	-0.5921696424484253	0.9948786497116089	-0.5092494487762451	0.49709394574165344	0.006556157022714615	-0.5411178469657898	-0.32619020342826843	0.4035772681236267	0.4836336076259613	0.6130604147911072	0.5063214898109436	-0.5076150298118591	-0.5049068927764893	-0.6225523352622986	-0.5242460370063782	-0.6006896495819092	-0.6660512089729309	-0.5077118873596191	0.9299085140228271	-0.33676695823669434	-0.6216195225715637	0.8713188171386719	-0.5688073039054871	0.9863842725753784	0.41934236884117126	0.9693027138710022	0.49935248494148254	0.990614116191864	0.9872983694076538	-0.6313837170600891	-0.5023905038833618	-0.516394317150116	0.7044501304626465	0.8389000296592712	-0.4878033995628357	0.17592160403728485	-0.5908797383308411	-0.021293126046657562	-0.35870614647865295	-0.22216442227363586	-0.4862523078918457	-0.5629221796989441	0.5512430667877197	0.28827372193336487	-0.6618987917900085	0.2621401846408844	-0.2525976002216339	-0.5521543025970459	0.39452072978019714	-0.37098172307014465	-0.6694096922874451	-0.6344315409660339	-0.5388065576553345	-0.12427904456853867	0.9815027117729187	-0.5200783014297485	0.9586904048919678	0.5297121405601501	-0.5698795318603516	0.7299380898475647	-0.6648864150047302	0.9941113591194153	-0.6859562993049622	-0.3317458927631378	-0.6446402072906494	-0.27212297916412354	0.4359663128852844	-0.6345729231834412	
P25101	-0.4732852876186371	0.4494237005710602	1.0000001192092896	-0.21603122353553772	-0.5197144150733948	0.6960726380348206	0.9846596717834473	0.17076686024665833	-0.33751994371414185	-0.5406444668769836	-0.6958840489387512	0.9151973128318787	0.4707043766975403	-0.31063514947891235	-0.5923705697059631	-0.6900503635406494	-0.3962334394454956	-0.3255924880504608	-0.4914829134941101	0.9907329678535461	-0.6508291363716125	0.961919903755188	-0.6503903269767761	0.988709032535553	0.16162823140621185	-0.2588648796081543	-0.5185121893882751	0.42529699206352234	-0.6286508440971375	0.9938709139823914	0.5267336368560791	-0.4991614818572998	-0.08872084319591522	0.9748468995094299	0.8867169618606567	0.6017923951148987	0.9954739809036255	-0.5233981013298035	-0.6646623015403748	-0.49901971220970154	-0.5552194714546204	-0.6368100047111511	-0.4561046361923218	-0.26223087310791016	0.18456365168094635	-0.046492207795381546	-0.6569557785987854	0.07903144508600235	-0.3892894685268402	0.5548856854438782	0.9947189688682556	0.2667461931705475	0.9059942960739136	0.5230758190155029	0.3629593253135681	-0.5350998044013977	-0.4601525366306305	-0.40756794810295105	0.9368976950645447	0.018796244636178017	-0.6014975309371948	0.3561989963054657	-0.42213401198387146	-0.17249751091003418	-0.5210762023925781	-0.015544218942523003	-0.44859686493873596	-0.4445270895957947	0.9597594738006592	0.05858251452445984	-0.509665310382843	0.25122305750846863	-0.6667371392250061	-0.4865247905254364	0.9920133352279663	-0.15457957983016968	-0.707006573677063	-0.38550421595573425	-0.5855885744094849	-0.17530742287635803	0.5732225179672241	-0.44370904564857483	0.6518349647521973	0.8846350908279419	-0.5088644027709961	0.7301080226898193	-0.6458790898323059	0.4789047837257385	-0.5655802488327026	-0.36103731393814087	-0.6608781218528748	-0.5725923180580139	0.22924306988716125	-0.640407919883728	
P43115	0.7146739959716797	-0.6548447608947754	-0.21603122353553772	1.000000238418579	0.11264891177415848	-0.5185695290565491	-0.307969331741333	0.25282350182533264	0.07338148355484009	0.44670525193214417	0.18306277692317963	-0.1946723908185959	-0.6392802000045776	0.08307231217622757	0.3483370542526245	0.21300412714481354	0.31195518374443054	-0.013074031099677086	0.0649760514497757	-0.24592338502407074	0.3812576234340668	-0.22338852286338806	0.18721038103103638	-0.19973327219486237	-0.6624373197555542	0.14975418150424957	0.5030258893966675	-0.6476578116416931	0.24442018568515778	-0.25369492173194885	0.13728682696819305	0.33228686451911926	0.18413200974464417	-0.14043891429901123	-0.22602418065071106	-0.3573199212551117	-0.2473488450050354	0.392509788274765	0.19090120494365692	0.4201487600803375	0.13909590244293213	0.28491607308387756	0.421827107667923	0.2171936333179474	-0.6590569019317627	0.4106484651565552	0.5052582025527954	-0.6544716954231262	0.5302717089653015	-0.6405295133590698	-0.2073535919189453	-0.674873411655426	-0.18441417813301086	-0.6303638815879822	-0.6644871830940247	0.42191699147224426	0.284012109041214	0.42888015508651733	-0.39462363719940186	-0.6441218256950378	0.3085957467556	0.004258172586560249	0.3883717954158783	0.038980595767498016	0.07208465784788132	0.15585018694400787	0.3373771905899048	0.28510820865631104	-0.26975399255752563	-0.2466440051794052	0.47499364614486694	-0.13270458579063416	-0.008596447296440601	0.2694007158279419	-0.18598122894763947	0.1783856302499771	0.417376309633255	0.5350617170333862	0.16215208172798157	0.07797127217054367	-0.6128191947937012	0.18859322369098663	-0.595463216304779	-0.2891891896724701	0.4041462540626526	-0.4211837947368622	0.5151453614234924	-0.6340748071670532	0.4420359134674072	0.04672429710626602	0.4782387316226959	0.08440504968166351	-0.2582111358642578	0.4482586681842804	
P11229	0.13261188566684723	-0.43760228157043457	-0.5197144150733948	0.11264891177415848	1.000000238418579	-0.5260640978813171	-0.5270586609840393	-0.14504756033420563	0.5097084641456604	0.4741070866584778	0.3573172986507416	-0.5456751585006714	-0.44816431403160095	0.5037226676940918	0.5062981247901917	0.5382835268974304	0.4900069534778595	0.024303751066327095	0.2282838225364685	-0.5350503921508789	0.19606180489063263	-0.571831464767456	0.31615570187568665	-0.5560501217842102	-0.29441699385643005	0.040054887533187866	0.26482105255126953	-0.44518837332725525	0.18386371433734894	-0.5223242044448853	-0.44402554631233215	0.514461100101471	-0.28879106044769287	-0.5586032271385193	-0.596737802028656	-0.4775250554084778	-0.5290791392326355	-0.0037855925038456917	0.5914361476898193	0.050592076033353806	0.5772113800048828	0.35146385431289673	0.5141183733940125	0.30127498507499695	-0.3264659643173218	-0.1597844660282135	0.26747384667396545	-0.25822731852531433	0.3627234101295471	-0.47013765573501587	-0.4956222176551819	-0.36549365520477295	-0.619538426399231	-0.46778199076652527	-0.4177437424659729	0.3354976177215576	0.5234652757644653	0.10691069066524506	-0.5391977429389954	-0.2301410287618637	0.27345046401023865	-0.5579736828804016	0.1991632580757141	-0.16265541315078735	0.6503820419311523	-0.2396489977836609	0.1182313859462738	0.2945362329483032	-0.566161036491394	-0.18497756123542786	0.11037307232618332	-0.2574733793735504	0.11247389018535614	0.10508877038955688	-0.5001124739646912	0.40530264377593994	0.5802306532859802	0.3158145844936371	0.6018344759941101	-0.042613375931978226	-0.4742986261844635	0.7947663068771362	-0.4939754009246826	-0.6325504183769226	0.21158984303474426	-0.5274507403373718	0.37888991832733154	-0.4516029953956604	0.17344406247138977	0.7073726058006287	0.46312740445137024	0.4608207643032074	-0.27929750084877014	0.4991970360279083	
P35367	-0.6453920006752014	0.8805890083312988	0.6960726380348206	-0.5185695290565491	-0.5260640978813171	1.0000004768371582	0.781504213809967	0.04318207502365112	-0.4583885669708252	-0.5575644373893738	-0.516065776348114	0.7656806707382202	0.8752373456954956	-0.554517924785614	-0.7311705946922302	-0.6791461110115051	-0.6713563799858093	-0.46493878960609436	-0.1838153898715973	0.7477958798408508	-0.6634268760681152	0.8002094030380249	-0.4898416996002197	0.7082969546318054	0.7017031908035278	-0.1794949322938919	-0.564259946346283	0.8723194599151611	-0.570796012878418	0.7316653728485107	0.2691076099872589	-0.6329759955406189	-0.24590276181697845	0.6671192049980164	0.735775887966156	0.81661456823349	0.750157356262207	-0.5657700300216675	-0.5565382838249207	-0.6741037368774414	-0.6772801280021667	-0.6884088516235352	-0.7111840844154358	-0.5458823442459106	0.717448353767395	-0.17878955602645874	-0.7139951586723328	0.6524503827095032	-0.5629055500030518	0.8985356688499451	0.6577559113502502	0.7912209033966064	0.7885518670082092	0.898898184299469	0.8301752805709839	-0.760689377784729	-0.5281128883361816	-0.46814608573913574	0.8851442337036133	0.6128005981445312	-0.4541667699813843	0.4296884834766388	-0.614736795425415	0.1222841665148735	-0.44892770051956177	-0.06956881284713745	-0.5933111310005188	-0.6191577315330505	0.8106926083564758	0.393285870552063	-0.712485671043396	0.4134739935398102	-0.3481396436691284	-0.646452784538269	0.6300394535064697	-0.4333234131336212	-0.7173023819923401	-0.6826077699661255	-0.6086893677711487	-0.058071915060281754	0.9071704745292664	-0.5942076444625854	0.9222514629364014	0.799333393573761	-0.6105719208717346	0.924774169921875	-0.6377065777778625	0.8808131814002991	-0.7604479193687439	-0.40527740120887756	-0.6602426171302795	-0.324284166097641	0.6009758710861206	-0.7420259714126587	
P41145	-0.5554674863815308	0.5689553022384644	0.9846596717834473	-0.307969331741333	-0.5270586609840393	0.781504213809967	0.9999998211860657	0.11239740252494812	-0.36447030305862427	-0.5843702554702759	-0.7099447846412659	0.9075347781181335	0.5831694602966309	-0.3402648866176605	-0.6310442090034485	-0.7115793824195862	-0.44347041845321655	-0.35776570439338684	-0.4980944097042084	0.9897246956825256	-0.7035267949104309	0.9655739068984985	-0.6770666837692261	0.9724786281585693	0.28032001852989197	-0.30622655153274536	-0.5559864044189453	0.5439882278442383	-0.6800655126571655	0.9942504167556763	0.4575102925300598	-0.5356367826461792	-0.15847598016262054	0.9525117874145508	0.8786649107933044	0.6323376893997192	0.9906591176986694	-0.5910770893096924	-0.6671855449676514	-0.561177134513855	-0.5872053503990173	-0.6667738556861877	-0.5070480108261108	-0.2966996431350708	0.304435670375824	-0.12874703109264374	-0.7159775495529175	0.19949834048748016	-0.4287533462047577	0.6662288904190063	0.9789337515830994	0.39006227254867554	0.8994920253753662	0.6344600915908813	0.4803445339202881	-0.5795126557350159	-0.4735138416290283	-0.47708842158317566	0.9758606553077698	0.13681620359420776	-0.6317992806434631	0.3370920717716217	-0.4662870764732361	-0.17944563925266266	-0.5244521498680115	-0.07072119414806366	-0.4797011911869049	-0.4787234961986542	0.9668353199958801	0.09330934286117554	-0.5670992136001587	0.24736063182353973	-0.6659931540489197	-0.5212610363960266	0.9688853025436401	-0.1862889528274536	-0.7495749592781067	-0.45194101333618164	-0.5974697470664978	-0.20740073919296265	0.6798741817474365	-0.4614061713218689	0.7505961060523987	0.8841333985328674	-0.5467641353607178	0.7843234539031982	-0.6989609003067017	0.5918611288070679	-0.6330453753471375	-0.3561658561229706	-0.7051088213920593	-0.5747734308242798	0.2673693001270294	-0.695604681968689	
P08913	0.3160076141357422	-0.17606349289417267	0.17076686024665833	0.25282350182533264	-0.14504756033420563	0.04318207502365112	0.11239740252494812	1.0000001192092896	0.04568332061171532	0.07912567257881165	-0.1677095890045166	0.3227749466896057	-0.19122314453125	-0.17408707737922668	-0.0588519424200058	-0.21612988412380219	-0.054643936455249786	-0.15750262141227722	0.18556387722492218	0.18849393725395203	0.09105861186981201	0.14114686846733093	0.1255054622888565	0.18775802850723267	-0.2386288046836853	0.6129637956619263	-0.1112559586763382	-0.2083417922258377	0.14141303300857544	0.15092138946056366	0.5741677284240723	-0.15369781851768494	0.3363761901855469	0.22495883703231812	0.37396252155303955	0.39091506600379944	0.18004977703094482	0.23794379830360413	-0.16614104807376862	-0.11780814081430435	-0.19537456333637238	-0.3401877284049988	-0.0033282828517258167	-0.3026651442050934	-0.24822773039340973	0.7050209045410156	0.039266567677259445	-0.25052666664123535	-0.24953261017799377	-0.1436566859483719	0.1728411614894867	-0.2042907476425171	0.250387966632843	-0.18675199151039124	-0.2166842818260193	-0.1572117656469345	-0.3562016785144806	0.547410786151886	0.11207505315542221	-0.24829398095607758	0.22961966693401337	0.4509417712688446	-0.1880912035703659	0.4651941657066345	-0.1795872300863266	0.46339845657348633	-0.18214237689971924	-0.30582940578460693	0.23064734041690826	0.5234827399253845	-0.17162573337554932	0.7529215812683105	0.09167623519897461	-0.3163750469684601	0.1456231027841568	0.019108688458800316	0.0659492090344429	-0.019518593326210976	-0.19424530863761902	0.699981689453125	-0.1645742505788803	-0.162716343998909	-0.12957465648651123	0.2778990566730499	-0.28374141454696655	0.24858570098876953	0.39142754673957825	-0.19934159517288208	0.08073427528142929	-0.3148893415927887	0.047898124903440475	0.09661205112934113	0.4945180416107178	-0.022021543234586716	
P21917	0.1016756147146225	-0.30605873465538025	-0.33751994371414185	0.07338148355484009	0.5097084641456604	-0.4583885669708252	-0.36447030305862427	0.04568332061171532	1.0000004768371582	0.512179434299469	0.1015397384762764	-0.3556623160839081	-0.29844802618026733	0.5184671878814697	0.18163031339645386	0.35355791449546814	0.6717029809951782	0.10471658408641815	0.09809950739145279	-0.36634761095046997	0.3854573965072632	-0.44444769620895386	0.2473461925983429	-0.38228651881217957	-0.15774139761924744	0.22685128450393677	-0.08310527354478836	-0.33289390802383423	0.24253985285758972	-0.3514126241207123	-0.1484139859676361	0.4556090831756592	-0.1500154733657837	-0.3739069104194641	-0.3465782701969147	-0.2894692122936249	-0.34885939955711365	0.20666271448135376	0.08494509756565094	-0.04003391042351723	0.583354651927948	0.11560151726007462	0.2984101176261902	0.09768413752317429	-0.18610355257987976	0.0616682767868042	0.34292739629745483	-0.1816595494747162	0.18959887325763702	-0.31086966395378113	-0.30805400013923645	-0.24274003505706787	-0.5096580386161804	-0.34089767932891846	-0.2804051637649536	0.30005553364753723	0.09945996850728989	0.27545884251594543	-0.3790387511253357	-0.1631283164024353	0.08743715286254883	-0.4974147081375122	-0.08066681772470474	-0.1793210357427597	0.47732293605804443	-0.1229308620095253	-0.010691077448427677	0.09714680165052414	-0.39739370346069336	-0.09485244005918503	-0.00040936219738796353	0.054750971496105194	0.07502011209726334	-0.04325004667043686	-0.3015516400337219	0.31036898493766785	0.42154064774513245	0.30524885654449463	0.07587480545043945	0.27637743949890137	-0.32949894666671753	0.3206794261932373	-0.34368011355400085	-0.47533297538757324	-0.10715825855731964	-0.40311452746391296	0.230348601937294	-0.31379079818725586	0.24586284160614014	0.14225547015666962	0.3187081813812256	0.4263448715209961	-0.1413261443376541	0.5910064578056335	
P13945	0.516704261302948	-0.5073825716972351	-0.5406444668769836	0.44670525193214417	0.4741070866584778	-0.5575644373893738	-0.5843702554702759	0.07912567257881165	0.512179434299469	0.9999999403953552	0.26816847920417786	-0.46179065108299255	-0.48842868208885193	0.26217493414878845	0.34223809838294983	0.48265427350997925	0.5256054401397705	-0.07894640415906906	0.36499303579330444	-0.5575819611549377	0.635030210018158	-0.5525996685028076	0.3516823649406433	-0.5507590174674988	-0.3454422354698181	0.3538967967033386	0.4589811861515045	-0.5000739693641663	0.5469679236412048	-0.5717719793319702	-0.14943015575408936	0.3871379792690277	-0.09061175584793091	-0.5209469795227051	-0.5391861200332642	-0.284553200006485	-0.5411491990089417	0.47940710186958313	0.27977097034454346	0.21415165066719055	0.4581480920314789	0.26316893100738525	0.31268495321273804	-0.03815203532576561	-0.3687060475349426	0.28612032532691956	0.7704389691352844	-0.38966867327690125	0.34866127371788025	-0.5422386527061462	-0.5415781736373901	-0.4401562809944153	-0.5248092412948608	-0.5262007117271423	-0.4737282395362854	0.3618238568305969	0.18356528878211975	0.536421000957489	-0.5852053165435791	-0.34699803590774536	0.32941004633903503	-0.3669237494468689	0.30588167905807495	0.1060832291841507	0.36530381441116333	-0.10195090621709824	0.27783310413360596	0.07807107269763947	-0.552564263343811	-0.2583807110786438	0.22153857350349426	-0.05142473056912422	0.22042548656463623	0.10514222830533981	-0.5240274667739868	0.22012409567832947	0.5704267621040344	0.5796753168106079	0.21246224641799927	0.18772129714488983	-0.5287019610404968	0.24653732776641846	-0.5542839765548706	-0.564993143081665	0.3205825686454773	-0.5462849140167236	0.4587494432926178	-0.49889302253723145	0.2851814329624176	0.04492191597819328	0.657618522644043	0.4787011742591858	-0.2100009322166443	0.8052138090133667	
P0DMS8	0.3152621388435364	-0.4587755799293518	-0.6958840489387512	0.18306277692317963	0.3573172986507416	-0.516065776348114	-0.7099447846412659	-0.1677095890045166	0.1015397384762764	0.26816847920417786	0.9999998211860657	-0.6541376113891602	-0.4817577004432678	0.11054474860429764	0.4077022671699524	0.535820722579956	0.08374041318893433	0.244911327958107	0.5447972416877747	-0.711402177810669	0.3896700441837311	-0.6763353943824768	0.7430533170700073	-0.6934950947761536	-0.24690063297748566	0.214836984872818	0.5039156675338745	-0.43158426880836487	0.4827618896961212	-0.7112926244735718	-0.41545549035072327	0.5223423838615417	0.13253571093082428	-0.7155108451843262	-0.6179018616676331	-0.45931726694107056	-0.7067686915397644	0.335430383682251	0.6427265405654907	0.48696276545524597	0.38172122836112976	0.6223682165145874	0.2329966127872467	0.2788735032081604	-0.27080318331718445	0.03306107223033905	0.3792301118373871	-0.14637821912765503	0.3245634436607361	-0.5384071469306946	-0.6984476447105408	-0.3230264484882355	-0.5947166681289673	-0.5012980699539185	-0.40528836846351624	0.2462991178035736	0.4821217656135559	0.17201198637485504	-0.6970518827438354	-0.08811412751674652	0.6614423394203186	-0.1578473597764969	0.3413664996623993	0.23161642253398895	0.6416898965835571	0.1488475501537323	0.21218055486679077	0.40733617544174194	-0.6965145468711853	0.08534472435712814	0.4549163281917572	-0.21915537118911743	0.6465818285942078	0.44069451093673706	-0.7037752866744995	0.012825824320316315	0.5828890204429626	0.09780445694923401	0.4942047894001007	0.12439583986997604	-0.5382014513015747	0.3246736526489258	-0.5791743993759155	-0.5895638465881348	0.46047264337539673	-0.4959474205970764	0.5495997071266174	-0.48118677735328674	0.44432127475738525	0.38472792506217957	0.5639069676399231	0.6386659145355225	-0.06470765173435211	0.341223806142807	
P32745	-0.3996313512325287	0.4791576564311981	0.9151973128318787	-0.1946723908185959	-0.5456751585006714	0.7656806707382202	0.9075347781181335	0.3227749466896057	-0.3556623160839081	-0.46179065108299255	-0.6541376113891602	1.000000238418579	0.49815821647644043	-0.41534173488616943	-0.6498519778251648	-0.740268886089325	-0.47109851241111755	-0.3812285363674164	-0.2694227695465088	0.9411604404449463	-0.5798025131225586	0.9376013278961182	-0.5076161623001099	0.9390865564346313	0.22599442303180695	-0.008744166232645512	-0.5632480382919312	0.4600091874599457	-0.5069175362586975	0.9176076650619507	0.7220539450645447	-0.5480263829231262	0.038356829434633255	0.9286234378814697	0.9112014770507812	0.809475839138031	0.9317813515663147	-0.4196573793888092	-0.6837666034698486	-0.6029107570648193	-0.6547886729240417	-0.7023274898529053	-0.5215174555778503	-0.42785054445266724	0.24880437552928925	0.1016828790307045	-0.6048030853271484	0.1395871937274933	-0.4799189567565918	0.5555101633071899	0.8895451426506042	0.3329843580722809	0.9279375672340393	0.5330125093460083	0.40613365173339844	-0.6586717367172241	-0.5309767723083496	-0.23581089079380035	0.9040360450744629	0.08839298784732819	-0.43265193700790405	0.5805279016494751	-0.5417073369026184	0.1533072590827942	-0.5639199018478394	0.2384471744298935	-0.5414267182350159	-0.5309361219406128	0.972353994846344	0.26457926630973816	-0.6072763800621033	0.4852359890937805	-0.5396326780319214	-0.6213229298591614	0.8889190554618835	-0.272454172372818	-0.6575667858123779	-0.4645390510559082	-0.6540082693099976	0.062368959188461304	0.5733419060707092	-0.5618544816970825	0.6364617347717285	0.9484699964523315	-0.5765071511268616	0.850820004940033	-0.5262578725814819	0.5012921690940857	-0.5701248049736023	-0.46673113107681274	-0.5816085338592529	-0.42800357937812805	0.4500277042388916	-0.6166393160820007	
O15303	-0.7048865556716919	0.9938957095146179	0.4707043766975403	-0.6392802000045776	-0.44816431403160095	0.8752373456954956	0.5831694602966309	-0.19122314453125	-0.29844802618026733	-0.48842868208885193	-0.4817577004432678	0.49815821647644043	1.0000003576278687	-0.4212576746940613	-0.6781082153320312	-0.5583163499832153	-0.5359846949577332	-0.3068471848964691	-0.2156379669904709	0.5120736956596375	-0.529132068157196	0.5676850080490112	-0.4669339954853058	0.47323405742645264	0.9124004244804382	-0.30856001377105713	-0.6058024764060974	0.993569552898407	-0.4980259835720062	0.513616144657135	0.035830166190862656	-0.5437625050544739	-0.3202124536037445	0.4270952045917511	0.4903008043766022	0.6172824501991272	0.5257676839828491	-0.49379318952560425	-0.5313782691955566	-0.6309420466423035	-0.5251491069793701	-0.6139847040176392	-0.6662008166313171	-0.5165897011756897	0.9245699644088745	-0.33743882179260254	-0.6027937531471252	0.8520859479904175	-0.5676074624061584	0.9852861762046814	0.4366423189640045	0.9577638506889343	0.5181329846382141	0.9946586489677429	0.9882707595825195	-0.6303277611732483	-0.5149812698364258	-0.5097585320472717	0.7137724757194519	0.819575309753418	-0.5098483562469482	0.17581234872341156	-0.5975889563560486	-0.03882153332233429	-0.38083669543266296	-0.2186882495880127	-0.48991164565086365	-0.5771509408950806	0.5676043033599854	0.24755370616912842	-0.6678340435028076	0.2598628103733063	-0.27509045600891113	-0.5633493661880493	0.419301837682724	-0.36870425939559937	-0.6814277768135071	-0.6191082000732422	-0.5574380159378052	-0.13477568328380585	0.9878271222114563	-0.533417820930481	0.9657617211341858	0.5450577735900879	-0.5723855495452881	0.7215046882629395	-0.6825972199440002	0.9993187785148621	-0.6899102926254272	-0.35334599018096924	-0.653835654258728	-0.29175320267677307	0.412857323884964	-0.6167298555374146	
P21731	0.03668823465704918	-0.4228368103504181	-0.31063514947891235	0.08307231217622757	0.5037226676940918	-0.554517924785614	-0.3402648866176605	-0.17408707737922668	0.5184671878814697	0.26217493414878845	0.11054474860429764	-0.41534173488616943	-0.4212576746940613	1.0	0.3482550084590912	0.5270026326179504	0.7607557773590088	0.21561086177825928	-0.13100755214691162	-0.3486281633377075	0.20961786806583405	-0.43747708201408386	0.054127104580402374	-0.3517526090145111	-0.3624698221683502	-0.035923171788454056	0.03596764802932739	-0.4404292702674866	0.13819782435894012	-0.31929945945739746	-0.23486965894699097	0.5367037057876587	-0.09018725156784058	-0.3331342041492462	-0.3891088366508484	-0.5417728424072266	-0.3402734398841858	0.10656733810901642	0.21245518326759338	0.13294249773025513	0.7118905782699585	0.27373677492141724	0.3965635597705841	0.644108235836029	-0.365877628326416	-0.12925834953784943	0.23847249150276184	-0.363138347864151	0.2623535990715027	-0.4089222848415375	-0.2693954408168793	-0.4027237594127655	-0.5114539861679077	-0.4361552298069	-0.41401201486587524	0.5657714605331421	0.2909321188926697	0.132554829120636	-0.4070083498954773	-0.35294508934020996	-0.06408893316984177	-0.5120404362678528	0.1647839993238449	-0.4003687798976898	0.4017011821269989	-0.17171339690685272	0.22846022248268127	0.28158247470855713	-0.4126022458076477	-0.3464511036872864	0.18764838576316833	-0.35472363233566284	-0.06473001837730408	0.27600082755088806	-0.2591266632080078	0.5961941480636597	0.32837504148483276	0.3884004056453705	0.3671262562274933	-0.09546053409576416	-0.4273698031902313	0.4330897331237793	-0.42467424273490906	-0.4946177005767822	0.10199000686407089	-0.5411099791526794	0.08333504945039749	-0.4269159436225891	0.31428012251853943	0.4022217094898224	0.13855908811092377	0.11447030305862427	-0.46068719029426575	0.44051799178123474	
P28221	0.4758686125278473	-0.6698651909828186	-0.5923705697059631	0.3483370542526245	0.5062981247901917	-0.7311705946922302	-0.6310442090034485	-0.0588519424200058	0.18163031339645386	0.34223809838294983	0.4077022671699524	-0.6498519778251648	-0.6781082153320312	0.3482550084590912	0.9999995827674866	0.4817780554294586	0.3965592086315155	0.3022732436656952	0.03897703438997269	-0.608680248260498	0.3702561557292938	-0.6541255712509155	0.3178231716156006	-0.6023430228233337	-0.5583001971244812	0.03516560420393944	0.564602255821228	-0.657972514629364	0.34596988558769226	-0.6037645936012268	-0.3233892619609833	0.3953671455383301	0.10997482389211655	-0.5670081973075867	-0.6380685567855835	-0.664085328578949	-0.6246612668037415	0.29239192605018616	0.7854889631271362	0.5382344126701355	0.36014118790626526	0.5449069142341614	0.9172335267066956	0.4410857558250427	-0.5643087029457092	0.014013479463756084	0.46358054876327515	-0.4885965883731842	0.44139882922172546	-0.6858405470848083	-0.5641688704490662	-0.6108105778694153	-0.6454169750213623	-0.6880616545677185	-0.6365922689437866	0.5632179975509644	0.49895212054252625	0.2595111131668091	-0.7030737400054932	-0.46264228224754333	0.3063291609287262	-0.37180665135383606	0.6342745423316956	-0.10154411941766739	0.28444644808769226	-0.05140918865799904	0.5291458368301392	0.5333412885665894	-0.6512490510940552	-0.3235936462879181	0.5937492847442627	-0.42191749811172485	0.24148783087730408	0.5514615774154663	-0.5526319742202759	0.3083905875682831	0.7200188636779785	0.5488888025283813	0.8511680960655212	-0.12570007145404816	-0.7044867277145386	0.6889526844024658	-0.7195008993148804	-0.6517021059989929	0.6209613084793091	-0.725909948348999	0.6377429962158203	-0.6777985692024231	0.5196271538734436	0.4271869361400604	0.4916767477989197	0.0834956094622612	-0.5159358978271484	0.4611167907714844	
Q13258	0.3499460220336914	-0.5535033941268921	-0.6900503635406494	0.21300412714481354	0.5382835268974304	-0.6791461110115051	-0.7115793824195862	-0.21612988412380219	0.35355791449546814	0.48265427350997925	0.535820722579956	-0.740268886089325	-0.5583163499832153	0.5270026326179504	0.4817780554294586	1.000000238418579	0.5643896460533142	0.20419514179229736	0.27577510476112366	-0.7153827548027039	0.5229620933532715	-0.7162966132164001	0.3658645749092102	-0.7167423367500305	-0.3806148171424866	0.09739679098129272	0.46936511993408203	-0.5426939725875854	0.5221105813980103	-0.7046905755996704	-0.5012316107749939	0.4705463945865631	-0.09830483049154282	-0.7029209136962891	-0.7358176112174988	-0.6331143379211426	-0.7066001296043396	0.37213218212127686	0.5977537035942078	0.49252942204475403	0.8420382142066956	0.5914871096611023	0.3505637049674988	0.41165691614151	-0.4043924808502197	-0.006496036890894175	0.5831548571586609	-0.3348987400531769	0.4100765585899353	-0.6037715077400208	-0.676805317401886	-0.45651975274086	-0.7115896940231323	-0.5813605785369873	-0.5072324275970459	0.7090532183647156	0.4331558048725128	0.3496094048023224	-0.7373233437538147	-0.286243200302124	0.3610599935054779	-0.451015442609787	0.38694167137145996	-0.1361183226108551	0.5422279834747314	-0.20914390683174133	0.36473891139030457	0.3559490144252777	-0.7418866753578186	-0.26305875182151794	0.490446001291275	-0.37124326825141907	0.45239830017089844	0.5209619402885437	-0.6678462028503418	0.2737056314945221	0.5392085909843445	0.4013740122318268	0.5678071975708008	-0.05210743844509125	-0.6011989116668701	0.4627622663974762	-0.6337368488311768	-0.7600527405738831	0.3830096125602722	-0.7261651754379272	0.41416043043136597	-0.5608080625534058	0.4458780586719513	0.3817138969898224	0.4919416904449463	0.42679864168167114	-0.3459833860397339	0.6173127293586731	
P34995	0.2849246859550476	-0.5489763617515564	-0.3962334394454956	0.31195518374443054	0.4900069534778595	-0.6713563799858093	-0.44347041845321655	-0.054643936455249786	0.6717029809951782	0.5256054401397705	0.08374041318893433	-0.47109851241111755	-0.5359846949577332	0.7607557773590088	0.3965592086315155	0.5643896460533142	1.000000238418579	0.20723506808280945	-0.0574188232421875	-0.43069684505462646	0.40964779257774353	-0.514397382736206	0.11238877475261688	-0.435909241437912	-0.4715965986251831	0.07553470134735107	0.1619413197040558	-0.5686985850334167	0.2604275047779083	-0.4124143123626709	-0.18920406699180603	0.5486820340156555	-0.09953190386295319	-0.39773279428482056	-0.46608781814575195	-0.5395891666412354	-0.42670220136642456	0.27539703249931335	0.1599760353565216	0.18231917917728424	0.7302162647247314	0.30135127902030945	0.47634357213974	0.45985016226768494	-0.47964367270469666	0.03830396756529808	0.4709942638874054	-0.4896858036518097	0.3909362554550171	-0.5345189571380615	-0.3597947955131531	-0.5235575437545776	-0.5890602469444275	-0.5595611929893494	-0.534080982208252	0.6915611028671265	0.27735042572021484	0.33189547061920166	-0.5118495225906372	-0.47699040174484253	0.03782504051923752	-0.5315697193145752	0.24702174961566925	-0.33044499158859253	0.3833457827568054	-0.1801973432302475	0.3439314663410187	0.28004223108291626	-0.4973565340042114	-0.3965027928352356	0.30245235562324524	-0.25835391879081726	-0.035114970058202744	0.29281219840049744	-0.34309741854667664	0.5226887464523315	0.43238726258277893	0.609495222568512	0.26376914978027344	0.042878348380327225	-0.5449874997138977	0.412041038274765	-0.5440658926963806	-0.5827557444572449	0.19826610386371613	-0.6324245929718018	0.23838971555233002	-0.5464019775390625	0.4296465218067169	0.20928053557872772	0.35411059856414795	0.21155324578285217	-0.47326958179473877	0.64366614818573	
P08100	0.1901823878288269	-0.31224384903907776	-0.3255924880504608	-0.013074031099677086	0.024303751066327095	-0.46493878960609436	-0.35776570439338684	-0.15750262141227722	0.10471658408641815	-0.07894640415906906	0.244911327958107	-0.3812285363674164	-0.3068471848964691	0.21561086177825928	0.3022732436656952	0.20419514179229736	0.20723506808280945	0.9999995827674866	0.042360659688711166	-0.3482237160205841	0.35595548152923584	-0.3905400335788727	0.30133265256881714	-0.31101417541503906	-0.20382718741893768	-0.023643214255571365	0.030547959730029106	-0.2975913882255554	0.3360954523086548	-0.3331736922264099	-0.031898897141218185	0.18442796170711517	0.49784377217292786	-0.3029046952724457	-0.286743700504303	-0.4173283576965332	-0.36463451385498047	0.41236966848373413	0.11630818247795105	0.4320809245109558	0.2163238525390625	0.3781036138534546	0.2907097041606903	0.35921570658683777	-0.19789928197860718	0.0058460417203605175	0.23604035377502441	-0.1555176079273224	0.021291904151439667	-0.3230860233306885	-0.3035737872123718	-0.23540347814559937	-0.37530121207237244	-0.32751402258872986	-0.25350135564804077	0.33038729429244995	0.1279570758342743	0.10628395527601242	-0.4113028049468994	-0.14267438650131226	0.1662064492702484	-0.07136457413434982	0.20846453309059143	-0.009124231524765491	-0.03640828654170036	0.2773470878601074	0.3377072811126709	0.357639342546463	-0.3763694763183594	-0.16337591409683228	0.43445444107055664	-0.2253665179014206	0.2950611710548401	0.43399688601493835	-0.2794572114944458	0.1072755828499794	0.14991290867328644	0.12555129826068878	0.22676199674606323	0.054895658046007156	-0.3449656665325165	0.16750739514827728	-0.3634471893310547	-0.29765385389328003	0.276956707239151	-0.42610064148902893	0.21846139430999756	-0.31481045484542847	0.5860918760299683	0.14210519194602966	0.11911020427942276	-0.020967775955796242	-0.3927015960216522	0.1537601351737976	
Q13639	0.2938035726547241	-0.20513677597045898	-0.4914829134941101	0.0649760514497757	0.2282838225364685	-0.1838153898715973	-0.4980944097042084	0.18556387722492218	0.09809950739145279	0.36499303579330444	0.5447972416877747	-0.2694227695465088	-0.2156379669904709	-0.13100755214691162	0.03897703438997269	0.27577510476112366	-0.0574188232421875	0.042360659688711166	1.0000001192092896	-0.4678266942501068	0.3157555162906647	-0.4029195308685303	0.7455168962478638	-0.46506696939468384	-0.00739145465195179	0.5631531476974487	0.2008395940065384	-0.18784500658512115	0.5214647650718689	-0.5009642839431763	-0.03233221918344498	0.1311633437871933	0.2121552973985672	-0.49505776166915894	-0.36363333463668823	0.06706858426332474	-0.4723469316959381	0.3167506158351898	0.2856557369232178	0.0174776092171669	0.14475172758102417	0.24593830108642578	-0.08408192545175552	-0.12571845948696136	-0.03555656224489212	0.24432112276554108	0.29131749272346497	0.03755229711532593	0.051764246076345444	-0.2972249388694763	-0.5210951566696167	-0.06334031373262405	-0.30915939807891846	-0.2510257959365845	-0.15500934422016144	-0.10936771333217621	0.16891473531723022	0.40873801708221436	-0.42347705364227295	0.08463054895401001	0.7340050935745239	0.23300275206565857	-0.08049141615629196	0.6867231130599976	0.3217832148075104	0.37281620502471924	-0.1542738974094391	0.06050141155719757	-0.3941328227519989	0.4109312891960144	0.010232743807137012	0.3089337646961212	0.6611222624778748	-0.03661135211586952	-0.5296880006790161	-0.18073783814907074	0.3822149932384491	-0.1529948115348816	0.09675642848014832	0.5371764302253723	-0.27676352858543396	-0.03781425952911377	-0.3243118226528168	-0.2613544166088104	0.06623122841119766	-0.07519020885229111	0.4937433898448944	-0.22230854630470276	0.1884879171848297	0.028351780027151108	0.5406575202941895	0.7748187184333801	0.39644908905029297	0.24023671448230743	
P41143	-0.4832199215888977	0.4951142370700836	0.9907329678535461	-0.24592338502407074	-0.5350503921508789	0.7477958798408508	0.9897246956825256	0.18849393725395203	-0.36634761095046997	-0.5575819611549377	-0.711402177810669	0.9411604404449463	0.5120736956596375	-0.3486281633377075	-0.608680248260498	-0.7153827548027039	-0.43069684505462646	-0.3482237160205841	-0.4678266942501068	1.0000003576278687	-0.6679060459136963	0.9725849628448486	-0.6479200124740601	0.9878836274147034	0.20724761486053467	-0.2314840406179428	-0.5423038601875305	0.4709501564502716	-0.6360331773757935	0.9955947995185852	0.5516564249992371	-0.5379659533500671	-0.08182471990585327	0.9764392971992493	0.9037920832633972	0.6588253974914551	0.9940555691719055	-0.5340360999107361	-0.6694626212120056	-0.5426413416862488	-0.5967122316360474	-0.6632570624351501	-0.47632160782814026	-0.30148008465766907	0.2314581274986267	-0.05128835141658783	-0.6782975196838379	0.12719841301441193	-0.42263591289520264	0.5943704843521118	0.9828472137451172	0.3172292113304138	0.9217234253883362	0.5624692440032959	0.408578485250473	-0.5720140933990479	-0.47896790504455566	-0.39871516823768616	0.9552110433578491	0.06634397804737091	-0.5882883071899414	0.40765950083732605	-0.4534929692745209	-0.11713117361068726	-0.5529993176460266	0.017508523538708687	-0.47434166073799133	-0.46978679299354553	0.9821476340293884	0.1156451478600502	-0.5430161356925964	0.29784291982650757	-0.6539125442504883	-0.5228407979011536	0.9769834876060486	-0.18942229449748993	-0.724520206451416	-0.42370572686195374	-0.5984709858894348	-0.14771990478038788	0.6089953780174255	-0.46647217869758606	0.6835368275642395	0.9119789600372314	-0.5380743741989136	0.7822233438491821	-0.6421568393707275	0.5200065970420837	-0.5895439386367798	-0.3814307153224945	-0.672781765460968	-0.5718954205513	0.2870217561721802	-0.6699018478393555	
Q96G91	0.6060183644294739	-0.5367614030838013	-0.6508291363716125	0.3812576234340668	0.19606180489063263	-0.6634268760681152	-0.7035267949104309	0.09105861186981201	0.3854573965072632	0.635030210018158	0.3896700441837311	-0.5798025131225586	-0.529132068157196	0.20961786806583405	0.3702561557292938	0.5229620933532715	0.40964779257774353	0.35595548152923584	0.3157555162906647	-0.6679060459136963	1.000000238418579	-0.663017988204956	0.47331860661506653	-0.6272212862968445	-0.3371034264564514	0.4470907151699066	0.3253557085990906	-0.5212846398353577	0.8071763515472412	-0.681630551815033	-0.040049102157354355	0.25845909118652344	0.34195348620414734	-0.5757943987846375	-0.5492879748344421	-0.38582879304885864	-0.6616044640541077	0.8669480085372925	0.2550465762615204	0.6068398356437683	0.44791358709335327	0.43254485726356506	0.2967795431613922	0.05331198126077652	-0.34961485862731934	0.47524553537368774	0.8617862462997437	-0.32946935296058655	0.2101580649614334	-0.5851276516914368	-0.6501497626304626	-0.4177250564098358	-0.573819637298584	-0.5786191821098328	-0.47086378931999207	0.4670881927013397	0.06950896233320236	0.6612908244132996	-0.7221555709838867	-0.2762371599674225	0.4423207640647888	-0.14326754212379456	0.293609082698822	0.1858183890581131	0.16414141654968262	0.18288381397724152	0.4005361497402191	0.242381289601326	-0.6550171971321106	-0.17824365198612213	0.5035630464553833	-0.03920580446720123	0.5785180330276489	0.4009931683540344	-0.6162863969802856	0.06777145713567734	0.48634302616119385	0.4336881637573242	0.22628548741340637	0.3193158209323883	-0.6010593175888062	0.11404597759246826	-0.6404556632041931	-0.5849146842956543	0.32673802971839905	-0.6455753445625305	0.5277899503707886	-0.5433387756347656	0.6466366052627563	-0.07127370685338974	0.524895429611206	0.3537723124027252	-0.26356855034828186	0.7369440197944641	
