	DB00808	DB00565	DB01118	DB09085	DB00568	DB00594	DB01135	DB01195	DB01219	DB00934	DB00593	DB01002	DB12312	DB00774	DB00810	DB00753	DB00623	DB00404	DB00829	DB00422	DB01244	DB01182	DB00416	DB00839	DB01046	DB00308	DB00191	DB00543	DB00949	DB01202	DB00358	DB00807	DB00604	DB00357	DB01233	DB01217	DB01124	DB00628	DB00679	DB00184	DB00588	DB00564	DB00960	DB00350	DB00297	DB00987	DB00961	DB00347	DB00617	DB00502	DB00842	DB01355	DB00296	DB00912	DB00252	DB00363	DB00606	DB01023	DB00657	DB00726	DB01021	DB00189	DB00637	DB00907	DB00411	DB00436	DB00356	DB00831	DB00892	DB00683	DB00270	DB00801	DB00381	DB00908	DB00754	DB00237	DB00731	DB01154	DB00393	DB00318	DB00996	DB00750	DB01223	DB00880	DB00866	DB00818	DB01239	DB00555	DB00292	DB01170	DB01028	DB00226	DB00695	DB00217	DB01161	DB00999	DB00514	DB00988	DB00232	DB00392	DB01205	DB00321	DB01067	DB09320	DB00201	DB01189	DB01086	DB00228	DB00455	DB00349	DB01119	DB00379	DB01082	DB00142	DB00990	DB00222	DB00680	DB00728	DB01120	DB00661	DB00889	DB01026	DB01151	DB00776	DB00172	DB01056	DB00997	DB00468	DB00273	DB00740	DB00794	DB00342	DB00962	DB00562	DB00434	DB01228	DB00653	DB01122	DB00721	DB01121	DB00312	DB01236	DB01006	DB01054	DB00472	DB00343	DB01104	DB00401	DB00715	DB01115	DB01025	DB00280	DB00579	DB00370	DB00909	DB00474	DB00527	DB00414	DB01069	DB00674	DB01100	DB01016	DB00904	DB00669	DB00281	DB01252	DB00204	DB01159	DB00690
DB00808	1.0	0.2926829268292683	0.23076923076923078	0.17857142857142858	0.24193548387096775	0.26865671641791045	0.35	0.3018867924528302	0.23636363636363636	0.25	0.30612244897959184	0.39473684210526316	0.18571428571428572	0.30357142857142855	0.22413793103448276	0.25925925925925924	0.3090909090909091	0.28846153846153844	0.32558139534883723	0.26666666666666666	0.25925925925925924	0.28888888888888886	0.2708333333333333	0.42105263157894735	0.3333333333333333	0.41304347826086957	0.3783783783783784	0.2978723404255319	0.28	0.28846153846153844	0.203125	0.12371134020618557	0.34146341463414637	0.1864406779661017	0.3	0.18032786885245902	0.3469387755102041	0.30434782608695654	0.24489795918367346	0.2978723404255319	0.27906976744186046	0.26	0.32558139534883723	0.2	0.21311475409836064	0.1506849315068493	0.29411764705882354	0.34210526315789475	0.38636363636363635	0.2978723404255319	0.29411764705882354	0.32142857142857145	0.3695652173913043	0.22950819672131148	0.3125	0.28888888888888886	0.45	0.32608695652173914	0.3111111111111111	0.2857142857142857	0.3333333333333333	0.28888888888888886	0.2222222222222222	0.3076923076923077	0.24193548387096775	0.32608695652173914	0.4186046511627907	0.3	0.14457831325301204	0.3404255319148936	0.3617021276595745	0.2653061224489796	0.2916666666666667	0.375	0.2222222222222222	0.30612244897959184	0.2916666666666667	0.2982456140350877	0.22033898305084745	0.3404255319148936	0.22413793103448276	0.1728395061728395	0.22807017543859648	0.34782608695652173	0.26	0.27450980392156865	0.24528301886792453	0.3023255813953488	0.3	0.2978723404255319	0.32558139534883723	0.2391304347826087	0.32558139534883723	0.3409090909090909	0.20634920634920634	0.3191489361702128	0.26229508196721313	0.24074074074074073	0.4418604651162791	0.3023255813953488	0.2786885245901639	0.2692307692307692	0.3137254901960784	0.3409090909090909	0.2	0.25	0.1590909090909091	0.26	0.18333333333333332	0.2542372881355932	0.3695652173913043	0.22388059701492538	0.3125	0.1566265060240964	0.09782608695652174	0.30612244897959184	0.20754716981132076	0.32558139534883723	0.3	0.3076923076923077	0.18840579710144928	0.23809523809523808	0.3170731707317073	0.32653061224489793	0.11904761904761904	0.2542372881355932	0.16666666666666666	0.3181818181818182	0.3125	0.26666666666666666	0.25925925925925924	0.30434782608695654	0.32608695652173914	0.4489795918367347	0.2641509433962264	0.2765957446808511	0.2641509433962264	0.25925925925925924	0.25862068965517243	0.2916666666666667	0.27906976744186046	0.27586206896551724	0.18333333333333332	0.2708333333333333	0.2978723404255319	0.26666666666666666	0.2608695652173913	0.3333333333333333	0.25	0.25	0.14	0.3333333333333333	0.35714285714285715	0.29545454545454547	0.2542372881355932	0.2962962962962963	0.17333333333333334	0.2857142857142857	0.32432432432432434	0.3076923076923077	0.2641509433962264	0.25	0.30612244897959184	0.2549019607843137	0.24561403508771928	0.27450980392156865	0.2549019607843137	0.2909090909090909	0.27450980392156865	
DB00565	0.2926829268292683	1.0	0.2553191489361702	0.16049382716049382	0.22033898305084745	0.21212121212121213	0.48484848484848486	0.28	0.2857142857142857	0.25	0.2826086956521739	0.3333333333333333	0.13043478260869565	0.2830188679245283	0.24528301886792453	0.3404255319148936	0.24074074074074073	0.37777777777777777	0.3684210526315789	0.40540540540540543	0.23529411764705882	0.325	0.5555555555555556	0.3611111111111111	0.3125	0.30434782608695654	0.35294117647058826	0.3333333333333333	0.2553191489361702	0.21568627450980393	0.2	0.13043478260869565	0.28205128205128205	0.2037037037037037	0.36363636363636365	0.21818181818181817	0.2708333333333333	0.34146341463414637	0.3333333333333333	0.3023255813953488	0.3157894736842105	0.28888888888888886	0.2682926829268293	0.19642857142857142	0.23214285714285715	0.14492753623188406	0.24489795918367346	0.3142857142857143	0.2727272727272727	0.3333333333333333	0.2708333333333333	0.2545454545454545	0.3181818181818182	0.25	0.23404255319148937	0.39473684210526316	0.358974358974359	0.3333333333333333	0.2857142857142857	0.2894736842105263	0.3148148148148148	0.325	0.22	0.3125	0.18032786885245902	0.4	0.4	0.3333333333333333	0.16883116883116883	0.4146341463414634	0.3111111111111111	0.26666666666666666	0.29545454545454547	0.35135135135135137	0.22	0.3409090909090909	0.32558139534883723	0.2545454545454545	0.2641509433962264	0.28888888888888886	0.2	0.16883116883116883	0.3	0.29545454545454547	0.2608695652173913	0.22448979591836735	0.38636363636363635	0.34210526315789475	0.36363636363636365	0.3333333333333333	0.3333333333333333	0.3	0.3333333333333333	0.38461538461538464	0.24561403508771928	0.2391304347826087	0.2631578947368421	0.3191489361702128	0.35714285714285715	0.34210526315789475	0.25862068965517243	0.32608695652173914	0.2916666666666667	0.2857142857142857	0.234375	0.27450980392156865	0.1411764705882353	0.2608695652173913	0.24528301886792453	0.2545454545454545	0.3181818181818182	0.2833333333333333	0.23404255319148937	0.18181818181818182	0.17073170731707318	0.2826086956521739	0.2553191489361702	0.4444444444444444	0.3055555555555556	0.2857142857142857	0.24193548387096775	0.19672131147540983	0.4	0.25	0.14102564102564102	0.23214285714285715	0.22033898305084745	0.325	0.2608695652173913	0.18333333333333332	0.23529411764705882	0.375	0.3333333333333333	0.2692307692307692	0.2916666666666667	0.2222222222222222	0.3191489361702128	0.26	0.3076923076923077	0.2391304347826087	0.35135135135135137	0.2545454545454545	0.2	0.3023255813953488	0.24444444444444444	0.3	0.2926829268292683	0.34146341463414637	0.25	0.27450980392156865	0.12371134020618557	0.3111111111111111	0.3	0.3	0.23214285714285715	0.25	0.18571428571428572	0.32432432432432434	0.3333333333333333	0.3125	0.24	0.25	0.3111111111111111	0.3409090909090909	0.2692307692307692	0.25	0.3409090909090909	0.29411764705882354	0.3333333333333333	
DB01118	0.23076923076923078	0.2553191489361702	1.0	0.1797752808988764	0.23880597014925373	0.2465753424657534	0.3333333333333333	0.3392857142857143	0.27586206896551724	0.26666666666666666	0.32075471698113206	0.2553191489361702	0.15584415584415584	0.27419354838709675	0.24193548387096775	0.27586206896551724	0.2786885245901639	0.32727272727272727	0.3125	0.21153846153846154	0.34545454545454546	0.3333333333333333	0.24074074074074073	0.30434782608695654	0.2542372881355932	0.26785714285714285	0.32558139534883723	0.425531914893617	0.2727272727272727	0.32727272727272727	0.27692307692307694	0.16161616161616163	0.2978723404255319	0.20634920634920634	0.26785714285714285	0.25806451612903225	0.3090909090909091	0.32	0.34	0.2641509433962264	0.2978723404255319	0.3269230769230769	0.26	0.23809523809523808	0.2903225806451613	0.2328767123287671	0.2413793103448276	0.3902439024390244	0.34	0.3673469387755102	0.2631578947368421	0.2698412698412698	0.2777777777777778	0.208955223880597	0.3018867924528302	0.30612244897959184	0.2549019607843137	0.3137254901960784	0.25	0.36363636363636365	0.28125	0.28	0.3090909090909091	0.2982456140350877	0.18571428571428572	0.2641509433962264	0.34	0.36538461538461536	0.20238095238095238	0.3018867924528302	0.2962962962962963	0.25925925925925924	0.36	0.32608695652173914	0.2413793103448276	0.2727272727272727	0.25925925925925924	0.2698412698412698	0.25806451612903225	0.2545454545454545	0.2833333333333333	0.21686746987951808	0.2459016393442623	0.23636363636363636	0.38	0.33962264150943394	0.38461538461538464	0.34782608695652173	0.3148148148148148	0.28846153846153844	0.3125	0.23529411764705882	0.2857142857142857	0.3	0.24242424242424243	0.2830188679245283	0.27692307692307694	0.23728813559322035	0.23636363636363636	0.24	0.23529411764705882	0.3333333333333333	0.30357142857142855	0.3	0.25	0.26666666666666666	0.18681318681318682	0.2777777777777778	0.26229508196721313	0.2903225806451613	0.2545454545454545	0.2571428571428571	0.3018867924528302	0.24390243902439024	0.20224719101123595	0.2727272727272727	0.25	0.2857142857142857	0.28888888888888886	0.27586206896551724	0.2222222222222222	0.2537313432835821	0.36363636363636365	0.24561403508771928	0.16279069767441862	0.2903225806451613	0.25757575757575757	0.30612244897959184	0.2777777777777778	0.28125	0.23333333333333334	0.40425531914893614	0.28846153846153844	0.26229508196721313	0.23728813559322035	0.2	0.23728813559322035	0.21311475409836064	0.27419354838709675	0.25925925925925924	0.32608695652173914	0.2903225806451613	0.2222222222222222	0.34	0.28846153846153844	0.3404255319148936	0.28	0.32	0.375	0.288135593220339	0.1111111111111111	0.2962962962962963	0.2857142857142857	0.2857142857142857	0.3333333333333333	0.26666666666666666	0.22077922077922077	0.25	0.25	0.21311475409836064	0.30357142857142855	0.288135593220339	0.2727272727272727	0.25	0.3050847457627119	0.26785714285714285	0.25	0.26229508196721313	0.3148148148148148	
DB09085	0.17857142857142858	0.16049382716049382	0.1797752808988764	1.0	0.22916666666666666	0.2	0.21794871794871795	0.1956521739130435	0.17204301075268819	0.16842105263157894	0.15384615384615385	0.20512820512820512	0.16981132075471697	0.16326530612244897	0.20430107526881722	0.1978021978021978	0.18947368421052632	0.18681318681318682	0.18072289156626506	0.12643678160919541	0.18478260869565216	0.17857142857142858	0.1590909090909091	0.15853658536585366	0.2247191011235955	0.21839080459770116	0.16455696202531644	0.18604651162790697	0.1797752808988764	0.2	0.1919191919191919	0.22950819672131148	0.18518518518518517	0.16842105263157894	0.19101123595505617	0.22826086956521738	0.20224719101123595	0.20238095238095238	0.1724137931034483	0.1590909090909091	0.17073170731707318	0.16853932584269662	0.15294117647058825	0.20212765957446807	0.15	0.16822429906542055	0.20224719101123595	0.21052631578947367	0.2	0.2289156626506024	0.22988505747126436	0.19791666666666666	0.19540229885057472	0.1836734693877551	0.20930232558139536	0.1927710843373494	0.2073170731707317	0.1724137931034483	0.16279069767441862	0.15853658536585366	0.20618556701030927	0.2222222222222222	0.12631578947368421	0.26744186046511625	0.1919191919191919	0.1724137931034483	0.18604651162790697	0.19101123595505617	0.22522522522522523	0.15555555555555556	0.23529411764705882	0.21176470588235294	0.14444444444444443	0.18518518518518517	0.2159090909090909	0.22093023255813954	0.1839080459770115	0.21052631578947367	0.17708333333333334	0.16853932584269662	0.20430107526881722	0.20353982300884957	0.23333333333333334	0.1839080459770115	0.19540229885057472	0.16483516483516483	0.18888888888888888	0.18292682926829268	0.20454545454545456	0.18604651162790697	0.225	0.18072289156626506	0.16666666666666666	0.19047619047619047	0.23157894736842105	0.17045454545454544	0.20408163265306123	0.17391304347826086	0.17045454545454544	0.18292682926829268	0.20202020202020202	0.15053763440860216	0.2	0.20481927710843373	0.2376237623762376	0.1935483870967742	0.20168067226890757	0.19540229885057472	0.19148936170212766	0.13861386138613863	0.2235294117647059	0.18269230769230768	0.18181818181818182	0.19130434782608696	0.21367521367521367	0.16666666666666666	0.22093023255813954	0.1951219512195122	0.14814814814814814	0.1978021978021978	0.18269230769230768	0.19	0.1728395061728395	0.20454545454545456	0.19469026548672566	0.22340425531914893	0.16831683168316833	0.17857142857142858	0.20930232558139536	0.21875	0.18478260869565216	0.20238095238095238	0.21428571428571427	0.16666666666666666	0.17391304347826086	0.16091954022988506	0.21348314606741572	0.14736842105263157	0.2391304347826087	0.2716049382716049	0.21518987341772153	0.21052631578947367	0.17894736842105263	0.21428571428571427	0.21428571428571427	0.16666666666666666	0.13793103448275862	0.20238095238095238	0.18823529411764706	0.1935483870967742	0.13970588235294118	0.20689655172413793	0.20987654320987653	0.1951219512195122	0.23655913978494625	0.18085106382978725	0.2524271844660194	0.20253164556962025	0.16883116883116883	0.17204301075268819	0.18681318681318682	0.15625	0.20689655172413793	0.16666666666666666	0.21739130434782608	0.16483516483516483	0.20689655172413793	0.20430107526881722	0.19101123595505617	
DB00568	0.24193548387096775	0.22033898305084745	0.23880597014925373	0.22916666666666666	1.0	0.25301204819277107	0.2807017543859649	0.2571428571428571	0.24285714285714285	0.2361111111111111	0.296875	0.2631578947368421	0.2	0.2602739726027397	0.2676056338028169	0.3181818181818182	0.19736842105263158	0.2835820895522388	0.26666666666666666	0.22580645161290322	0.3181818181818182	0.2833333333333333	0.25	0.25862068965517243	0.27941176470588236	0.2923076923076923	0.22807017543859648	0.2903225806451613	0.22058823529411764	0.22857142857142856	0.21518987341772153	0.13274336283185842	0.32142857142857145	0.17105263157894737	0.2727272727272727	0.2638888888888889	0.2318840579710145	0.27419354838709675	0.2698412698412698	0.25	0.2542372881355932	0.24242424242424243	0.26666666666666666	0.2638888888888889	0.24	0.19767441860465115	0.26865671641791045	0.32075471698113206	0.3559322033898305	0.2698412698412698	0.2318840579710145	0.24	0.28125	0.22077922077922077	0.3225806451612903	0.3050847457627119	0.26229508196721313	0.2698412698412698	0.23809523809523808	0.25862068965517243	0.28378378378378377	0.26229508196721313	0.2878787878787879	0.27941176470588236	0.2	0.25	0.2698412698412698	0.2537313432835821	0.16326530612244897	0.28125	0.296875	0.24615384615384617	0.2857142857142857	0.2542372881355932	0.25	0.22058823529411764	0.265625	0.25675675675675674	0.3188405797101449	0.22388059701492538	0.25	0.17525773195876287	0.2535211267605634	0.2857142857142857	0.26153846153846155	0.21739130434782608	0.2878787878787879	0.29310344827586204	0.2537313432835821	0.25	0.288135593220339	0.26666666666666666	0.26666666666666666	0.2786885245901639	0.1875	0.22727272727272727	0.2631578947368421	0.22857142857142856	0.2857142857142857	0.22950819672131148	0.24358974358974358	0.21428571428571427	0.2463768115942029	0.2786885245901639	0.24096385542168675	0.2535211267605634	0.19801980198019803	0.22388059701492538	0.2676056338028169	0.2236842105263158	0.3225806451612903	0.27848101265822783	0.28125	0.22340425531914893	0.1650485436893204	0.296875	0.2028985507246377	0.2459016393442623	0.26785714285714285	0.27941176470588236	0.21686746987951808	0.27631578947368424	0.23728813559322035	0.2923076923076923	0.16494845360824742	0.30985915492957744	0.21518987341772153	0.24193548387096775	0.26153846153846155	0.28378378378378377	0.1917808219178082	0.29508196721311475	0.2698412698412698	0.2328767123287671	0.2463768115942029	0.25396825396825395	0.2463768115942029	0.2608695652173913	0.21052631578947367	0.2857142857142857	0.27586206896551724	0.25675675675675674	0.21621621621621623	0.3793103448275862	0.2903225806451613	0.3333333333333333	0.26229508196721313	0.3389830508474576	0.234375	0.2535211267605634	0.14655172413793102	0.296875	0.26666666666666666	0.2459016393442623	0.273972602739726	0.2898550724637681	0.22988505747126436	0.25862068965517243	0.23636363636363636	0.2608695652173913	0.2835820895522388	0.20270270270270271	0.25757575757575757	0.22058823529411764	0.2676056338028169	0.23529411764705882	0.25757575757575757	0.2857142857142857	0.2727272727272727	
DB00594	0.26865671641791045	0.21212121212121213	0.2465753424657534	0.2	0.25301204819277107	1.0	0.2857142857142857	0.2972972972972973	0.23376623376623376	0.22784810126582278	0.22972972972972974	0.2903225806451613	0.2222222222222222	0.25	0.1951219512195122	0.3194444444444444	0.25316455696202533	0.23684210526315788	0.23529411764705882	0.23529411764705882	0.26666666666666666	0.2878787878787879	0.2222222222222222	0.265625	0.28378378378378377	0.3142857142857143	0.25806451612903225	0.23943661971830985	0.21333333333333335	0.20512820512820512	0.2235294117647059	0.19298245614035087	0.24242424242424243	0.18292682926829268	0.24324324324324326	0.1927710843373494	0.24	0.27941176470588236	0.2222222222222222	0.2571428571428571	0.30158730158730157	0.25	0.2727272727272727	0.2375	0.27848101265822783	0.15625	0.273972602739726	0.2786885245901639	0.2753623188405797	0.23943661971830985	0.19230769230769232	0.27848101265822783	0.2676056338028169	0.24390243902439024	0.25	0.25	0.26865671641791045	0.2753623188405797	0.22857142857142856	0.24615384615384617	0.24096385542168675	0.25	0.2236842105263158	0.23376623376623376	0.18181818181818182	0.2571428571428571	0.29411764705882354	0.24324324324324326	0.17307692307692307	0.25	0.3787878787878788	0.2361111111111111	0.2361111111111111	0.26153846153846155	0.2236842105263158	0.28169014084507044	0.2714285714285714	0.2625	0.3026315789473684	0.2676056338028169	0.1951219512195122	0.24489795918367346	0.29333333333333333	0.2535211267605634	0.25	0.1794871794871795	0.2236842105263158	0.296875	0.2777777777777778	0.2222222222222222	0.2537313432835821	0.2727272727272727	0.2727272727272727	0.2647058823529412	0.1839080459770115	0.2361111111111111	0.20930232558139536	0.22077922077922077	0.3283582089552239	0.22058823529411764	0.25	0.25675675675675674	0.25333333333333335	0.2835820895522388	0.20652173913043478	0.24358974358974358	0.2169811320754717	0.2857142857142857	0.20987654320987653	0.20238095238095238	0.34328358208955223	0.2976190476190476	0.2676056338028169	0.20588235294117646	0.16363636363636364	0.28169014084507044	0.19736842105263158	0.2923076923076923	0.2153846153846154	0.25	0.2111111111111111	0.22093023255813954	0.265625	0.22666666666666666	0.1523809523809524	0.32894736842105265	0.19540229885057472	0.2878787878787879	0.2328767123287671	0.25609756097560976	0.21794871794871795	0.22535211267605634	0.2222222222222222	0.2727272727272727	0.22077922077922077	0.24285714285714285	0.25333333333333335	0.20253164556962025	0.20481927710843373	0.2714285714285714	0.28125	0.24691358024691357	0.1951219512195122	0.29411764705882354	0.2054794520547945	0.3125	0.19718309859154928	0.3181818181818182	0.20833333333333334	0.2597402597402597	0.18487394957983194	0.22972972972972974	0.2923076923076923	0.23529411764705882	0.24691358024691357	0.2125	0.21052631578947367	0.24615384615384617	0.20634920634920634	0.23376623376623376	0.23684210526315788	0.22784810126582278	0.2638888888888889	0.2638888888888889	0.2564102564102564	0.2777777777777778	0.2465753424657534	0.2894736842105263	0.22666666666666666	
DB01135	0.35	0.48484848484848486	0.3333333333333333	0.21794871794871795	0.2807017543859649	0.2857142857142857	1.0	0.32653061224489793	0.3333333333333333	0.3469387755102041	0.3333333333333333	0.4411764705882353	0.1791044776119403	0.3269230769230769	0.34	0.391304347826087	0.25925925925925924	0.46511627906976744	0.5588235294117647	0.39473684210526316	0.3617021276595745	0.35	0.46153846153846156	0.5151515151515151	0.3333333333333333	0.4186046511627907	0.42424242424242425	0.3902439024390244	0.3953488372093023	0.3404255319148936	0.23728813559322035	0.15384615384615385	0.4166666666666667	0.24528301886792453	0.4186046511627907	0.25925925925925924	0.37777777777777777	0.5135135135135135	0.3902439024390244	0.425	0.5	0.40476190476190477	0.358974358974359	0.23636363636363636	0.2962962962962963	0.21212121212121213	0.3191489361702128	0.46875	0.3902439024390244	0.425	0.34782608695652173	0.37254901960784315	0.40476190476190477	0.3148148148148148	0.3111111111111111	0.5	0.42105263157894735	0.3902439024390244	0.4473684210526316	0.3888888888888889	0.3090909090909091	0.42105263157894735	0.2916666666666667	0.3617021276595745	0.25862068965517243	0.3902439024390244	0.5	0.4523809523809524	0.18181818181818182	0.5128205128205128	0.3953488372093023	0.3488372093023256	0.3181818181818182	0.45714285714285713	0.2916666666666667	0.5	0.4146341463414634	0.4	0.25925925925925924	0.37209302325581395	0.28846153846153844	0.19736842105263158	0.40425531914893614	0.3488372093023256	0.3409090909090909	0.32608695652173914	0.37777777777777777	0.5294117647058824	0.4523809523809524	0.425	0.43243243243243246	0.358974358974359	0.358974358974359	0.4864864864864865	0.2857142857142857	0.3181818181818182	0.32727272727272727	0.3404255319148936	0.3488372093023256	0.4444444444444444	0.37037037037037035	0.37777777777777777	0.4318181818181818	0.41025641025641024	0.2698412698412698	0.40425531914893614	0.16666666666666666	0.40476190476190477	0.28846153846153844	0.37254901960784315	0.37209302325581395	0.25806451612903225	0.40476190476190477	0.22666666666666666	0.15476190476190477	0.3953488372093023	0.2765957446808511	0.4722222222222222	0.4117647058823529	0.30612244897959184	0.25806451612903225	0.23333333333333334	0.5151515151515151	0.32608695652173914	0.2	0.32075471698113206	0.2807017543859649	0.42105263157894735	0.40476190476190477	0.2631578947368421	0.30612244897959184	0.47368421052631576	0.46153846153846156	0.34	0.3125	0.3023255813953488	0.3404255319148936	0.28	0.40816326530612246	0.3488372093023256	0.5	0.32075471698113206	0.24074074074074073	0.425	0.32558139534883723	0.325	0.2857142857142857	0.4	0.3333333333333333	0.2692307692307692	0.13402061855670103	0.36363636363636365	0.4722222222222222	0.43243243243243246	0.34615384615384615	0.3469387755102041	0.23529411764705882	0.42857142857142855	0.5	0.4222222222222222	0.3125	0.3469387755102041	0.3953488372093023	0.36363636363636365	0.34	0.32608695652173914	0.3333333333333333	0.3673469387755102	0.4186046511627907	
DB01195	0.3018867924528302	0.28	0.3392857142857143	0.1956521739130435	0.2571428571428571	0.2972972972972973	0.32653061224489793	1.0	0.27419354838709675	0.2857142857142857	0.2711864406779661	0.3333333333333333	0.22077922077922077	0.2727272727272727	0.30158730158730157	0.3389830508474576	0.31746031746031744	0.3	0.3333333333333333	0.2830188679245283	0.3389830508474576	0.38	0.2631578947368421	0.32653061224489793	0.29508196721311475	0.35714285714285715	0.2653061224489796	0.3090909090909091	0.29310344827586204	0.3	0.2054794520547945	0.1650485436893204	0.3469387755102041	0.208955223880597	0.3333333333333333	0.296875	0.3050847457627119	0.33962264150943394	0.2857142857142857	0.3090909090909091	0.2692307692307692	0.27586206896551724	0.3076923076923077	0.23880597014925373	0.3076923076923077	0.20253164556962025	0.26229508196721313	0.34782608695652173	0.3333333333333333	0.3333333333333333	0.2833333333333333	0.328125	0.2982456140350877	0.2647058823529412	0.2982456140350877	0.2777777777777778	0.35294117647058826	0.2857142857142857	0.2962962962962963	0.27450980392156865	0.3384615384615385	0.3269230769230769	0.3050847457627119	0.3389830508474576	0.23943661971830985	0.2857142857142857	0.38461538461538464	0.3103448275862069	0.21839080459770116	0.34545454545454546	0.3157894736842105	0.32727272727272727	0.2807017543859649	0.3469387755102041	0.24193548387096775	0.3392857142857143	0.2807017543859649	0.26865671641791045	0.25757575757575757	0.27586206896551724	0.24242424242424243	0.23255813953488372	0.3064516129032258	0.2807017543859649	0.2982456140350877	0.26666666666666666	0.2833333333333333	0.34	0.3333333333333333	0.2857142857142857	0.3877551020408163	0.25925925925925924	0.2830188679245283	0.2727272727272727	0.29850746268656714	0.23728813559322035	0.2753623188405797	0.2	0.2807017543859649	0.2641509433962264	0.2898550724637681	0.3050847457627119	0.3	0.32075471698113206	0.3013698630136986	0.2857142857142857	0.20212765957446807	0.32142857142857145	0.24242424242424243	0.3076923076923077	0.32142857142857145	0.4090909090909091	0.2982456140350877	0.2159090909090909	0.17894736842105263	0.2711864406779661	0.20967741935483872	0.3076923076923077	0.26	0.27419354838709675	0.25675675675675674	0.2361111111111111	0.32653061224489793	0.26666666666666666	0.16666666666666666	0.328125	0.2571428571428571	0.3018867924528302	0.2542372881355932	0.3181818181818182	0.29508196721311475	0.3148148148148148	0.3090909090909091	0.30158730158730157	0.25806451612903225	0.33962264150943394	0.21875	0.2153846153846154	0.2923076923076923	0.30357142857142855	0.32	0.2878787878787879	0.28125	0.3333333333333333	0.3090909090909091	0.3333333333333333	0.2545454545454545	0.36538461538461536	0.3148148148148148	0.265625	0.19047619047619047	0.29310344827586204	0.3076923076923077	0.25925925925925924	0.26865671641791045	0.265625	0.2222222222222222	0.25	0.25	0.25396825396825395	0.3	0.2857142857142857	0.3157894736842105	0.25	0.36666666666666664	0.3103448275862069	0.29310344827586204	0.36666666666666664	0.288135593220339	
DB01219	0.23636363636363636	0.2857142857142857	0.27586206896551724	0.17204301075268819	0.24285714285714285	0.23376623376623376	0.3333333333333333	0.27419354838709675	1.0	0.23076923076923078	0.2542372881355932	0.3125	0.19230769230769232	0.25757575757575757	0.22727272727272727	0.3220338983050847	0.28125	0.3275862068965517	0.3137254901960784	0.2641509433962264	0.25806451612903225	0.3076923076923077	0.2909090909090909	0.3617021276595745	0.21875	0.3157894736842105	0.32608695652173914	0.2909090909090909	0.2542372881355932	0.2833333333333333	0.22535211267605634	0.16666666666666666	0.3	0.17647058823529413	0.29310344827586204	0.28125	0.288135593220339	0.2962962962962963	0.26785714285714285	0.3148148148148148	0.32653061224489793	0.32727272727272727	0.3137254901960784	0.20588235294117646	0.2923076923076923	0.20512820512820512	0.26666666666666666	0.35555555555555557	0.3148148148148148	0.33962264150943394	0.288135593220339	0.2923076923076923	0.30357142857142855	0.2878787878787879	0.30357142857142855	0.3076923076923077	0.3076923076923077	0.26785714285714285	0.2545454545454545	0.30612244897959184	0.2835820895522388	0.3076923076923077	0.20634920634920634	0.3220338983050847	0.22535211267605634	0.26785714285714285	0.33962264150943394	0.29310344827586204	0.20689655172413793	0.30357142857142855	0.2982456140350877	0.2857142857142857	0.2857142857142857	0.3541666666666667	0.3103448275862069	0.2982456140350877	0.3090909090909091	0.2923076923076923	0.22388059701492538	0.30357142857142855	0.22727272727272727	0.1797752808988764	0.2698412698412698	0.3090909090909091	0.2807017543859649	0.2711864406779661	0.288135593220339	0.32	0.29310344827586204	0.26785714285714285	0.3673469387755102	0.24074074074074073	0.28846153846153844	0.3018867924528302	0.22857142857142856	0.2	0.27941176470588236	0.2222222222222222	0.2631578947368421	0.2222222222222222	0.2571428571428571	0.288135593220339	0.3275862068965517	0.2545454545454545	0.25333333333333335	0.3559322033898305	0.16666666666666666	0.32727272727272727	0.22727272727272727	0.2727272727272727	0.30357142857142855	0.2777777777777778	0.2807017543859649	0.17777777777777778	0.18085106382978725	0.34545454545454546	0.21311475409836064	0.3137254901960784	0.3191489361702128	0.2786885245901639	0.24324324324324326	0.29411764705882354	0.3333333333333333	0.2711864406779661	0.14285714285714285	0.2923076923076923	0.20833333333333334	0.3076923076923077	0.25862068965517243	0.19444444444444445	0.23809523809523808	0.32075471698113206	0.33962264150943394	0.24615384615384617	0.2222222222222222	0.22807017543859648	0.3508771929824561	0.2	0.31746031746031744	0.2413793103448276	0.3829787234042553	0.2727272727272727	0.19117647058823528	0.36538461538461536	0.22413793103448276	0.2641509433962264	0.25925925925925924	0.32075471698113206	0.2727272727272727	0.23076923076923078	0.12727272727272726	0.32142857142857145	0.2641509433962264	0.2641509433962264	0.2727272727272727	0.3114754098360656	0.1951219512195122	0.3617021276595745	0.2553191489361702	0.25806451612903225	0.2222222222222222	0.25	0.27586206896551724	0.2542372881355932	0.3064516129032258	0.2711864406779661	0.27586206896551724	0.265625	0.3157894736842105	
DB00934	0.25	0.25	0.26666666666666666	0.16842105263157894	0.2361111111111111	0.22784810126582278	0.3469387755102041	0.2857142857142857	0.23076923076923078	1.0	0.26666666666666666	0.32653061224489793	0.1875	0.3076923076923077	0.296875	0.3333333333333333	0.2727272727272727	0.3389830508474576	0.3269230769230769	0.2777777777777778	0.2903225806451613	0.2727272727272727	0.25862068965517243	0.29411764705882354	0.3114754098360656	0.2833333333333333	0.23529411764705882	0.30357142857142855	0.22580645161290322	0.29508196721311475	0.2714285714285714	0.1523809523809524	0.2641509433962264	0.22388059701492538	0.3275862068965517	0.2537313432835821	0.25806451612903225	0.3333333333333333	0.35185185185185186	0.30357142857142855	0.28846153846153844	0.36363636363636365	0.3018867924528302	0.18309859154929578	0.22857142857142856	0.2	0.2786885245901639	0.3125	0.30357142857142855	0.35185185185185186	0.2786885245901639	0.30303030303030304	0.3392857142857143	0.1917808219178082	0.20967741935483872	0.34615384615384615	0.2727272727272727	0.21666666666666667	0.2909090909090909	0.32	0.23943661971830985	0.25	0.18181818181818182	0.2903225806451613	0.2361111111111111	0.2807017543859649	0.40384615384615385	0.2833333333333333	0.16304347826086957	0.3157894736842105	0.288135593220339	0.1935483870967742	0.2542372881355932	0.34	0.2	0.3103448275862069	0.2982456140350877	0.2835820895522388	0.2	0.29310344827586204	0.296875	0.2441860465116279	0.24242424242424243	0.2982456140350877	0.3157894736842105	0.2833333333333333	0.3220338983050847	0.3333333333333333	0.3508771929824561	0.25862068965517243	0.3018867924528302	0.2777777777777778	0.2777777777777778	0.24561403508771928	0.2753623188405797	0.37037037037037035	0.3088235294117647	0.25396825396825395	0.2542372881355932	0.2830188679245283	0.30434782608695654	0.3448275862068966	0.25396825396825395	0.3148148148148148	0.2631578947368421	0.26153846153846155	0.15151515151515152	0.22950819672131148	0.25757575757575757	0.2463768115942029	0.2711864406779661	0.25333333333333335	0.3157894736842105	0.21348314606741572	0.15306122448979592	0.26666666666666666	0.20634920634920634	0.2545454545454545	0.30612244897959184	0.3114754098360656	0.22077922077922077	0.25	0.40425531914893614	0.26229508196721313	0.15217391304347827	0.30303030303030304	0.3283582089552239	0.2727272727272727	0.3157894736842105	0.23943661971830985	0.21212121212121213	0.3090909090909091	0.32727272727272727	0.27692307692307694	0.31666666666666665	0.2413793103448276	0.25396825396825395	0.23076923076923078	0.2318840579710145	0.23333333333333334	0.34	0.2463768115942029	0.22058823529411764	0.2807017543859649	0.2807017543859649	0.3018867924528302	0.32075471698113206	0.3333333333333333	0.3090909090909091	0.22388059701492538	0.13513513513513514	0.3103448275862069	0.35294117647058826	0.3269230769230769	0.2463768115942029	0.22388059701492538	0.19047619047619047	0.24528301886792453	0.35555555555555557	0.3333333333333333	0.31666666666666665	0.30158730158730157	0.26666666666666666	0.3333333333333333	0.27692307692307694	0.24193548387096775	0.1875	0.296875	0.2833333333333333	
DB00593	0.30612244897959184	0.2826086956521739	0.32075471698113206	0.15384615384615385	0.296875	0.22972972972972974	0.3333333333333333	0.2711864406779661	0.2542372881355932	0.26666666666666666	1.0	0.3111111111111111	0.15584415584415584	0.27419354838709675	0.203125	0.2542372881355932	0.25806451612903225	0.35185185185185186	0.3125	0.2857142857142857	0.27586206896551724	0.2549019607843137	0.3137254901960784	0.2765957446808511	0.27586206896551724	0.24561403508771928	0.35714285714285715	0.28846153846153844	0.4	0.37735849056603776	0.22058823529411764	0.13861386138613863	0.2708333333333333	0.20634920634920634	0.26785714285714285	0.23809523809523808	0.2631578947368421	0.3469387755102041	0.24074074074074073	0.24074074074074073	0.2708333333333333	0.38	0.26	0.21875	0.23076923076923078	0.18421052631578946	0.22033898305084745	0.425	0.3673469387755102	0.28846153846153844	0.22033898305084745	0.23076923076923078	0.3018867924528302	0.19117647058823528	0.3269230769230769	0.30612244897959184	0.28	0.2641509433962264	0.22641509433962265	0.2765957446808511	0.28125	0.23076923076923078	0.2	0.23333333333333334	0.1527777777777778	0.24074074074074073	0.3673469387755102	0.33962264150943394	0.16091954022988506	0.2777777777777778	0.2727272727272727	0.25925925925925924	0.3333333333333333	0.35555555555555557	0.2857142857142857	0.25	0.2830188679245283	0.23076923076923078	0.23809523809523808	0.2777777777777778	0.26229508196721313	0.18823529411764706	0.22580645161290322	0.25925925925925924	0.2777777777777778	0.2909090909090909	0.22033898305084745	0.4090909090909091	0.3148148148148148	0.28846153846153844	0.26	0.21153846153846154	0.2857142857142857	0.3541666666666667	0.17142857142857143	0.2830188679245283	0.27692307692307694	0.23728813559322035	0.2830188679245283	0.21568627450980393	0.2727272727272727	0.2857142857142857	0.23728813559322035	0.3	0.25	0.2459016393442623	0.2	0.23214285714285715	0.203125	0.3333333333333333	0.2777777777777778	0.23943661971830985	0.2545454545454545	0.1590909090909091	0.16304347826086957	0.25	0.20689655172413793	0.26	0.2608695652173913	0.34545454545454546	0.2054794520547945	0.2537313432835821	0.30434782608695654	0.33962264150943394	0.14942528735632185	0.25	0.2028985507246377	0.3617021276595745	0.3018867924528302	0.26153846153846155	0.2542372881355932	0.29411764705882354	0.34	0.26229508196721313	0.21666666666666667	0.2	0.30357142857142855	0.1935483870967742	0.234375	0.3076923076923077	0.2708333333333333	0.2698412698412698	0.2222222222222222	0.2641509433962264	0.2641509433962264	0.3125	0.28	0.3469387755102041	0.24528301886792453	0.3333333333333333	0.15384615384615385	0.32075471698113206	0.26	0.23529411764705882	0.40350877192982454	0.26666666666666666	0.13253012048192772	0.2765957446808511	0.25	0.21311475409836064	0.32727272727272727	0.22580645161290322	0.22807017543859648	0.2962962962962963	0.24193548387096775	0.22413793103448276	0.20689655172413793	0.2833333333333333	0.26785714285714285	
DB01002	0.39473684210526316	0.3333333333333333	0.2553191489361702	0.20512820512820512	0.2631578947368421	0.2903225806451613	0.4411764705882353	0.3333333333333333	0.3125	0.32653061224489793	0.3111111111111111	1.0	0.2	0.2830188679245283	0.32	0.3404255319148936	0.24074074074074073	0.34782608695652173	0.40540540540540543	0.3684210526315789	0.26	0.325	0.3333333333333333	0.4	0.3125	0.3953488372093023	0.3939393939393939	0.3023255813953488	0.3111111111111111	0.2916666666666667	0.2	0.15555555555555556	0.3157894736842105	0.2037037037037037	0.36363636363636365	0.19642857142857142	0.32608695652173914	0.375	0.3023255813953488	0.3333333333333333	0.35135135135135137	0.4146341463414634	0.3684210526315789	0.24074074074074073	0.35294117647058826	0.19696969696969696	0.4523809523809524	0.3939393939393939	0.3333333333333333	0.36585365853658536	0.35555555555555557	0.2777777777777778	0.6111111111111112	0.2727272727272727	0.3181818181818182	0.358974358974359	0.39473684210526316	0.3333333333333333	0.2857142857142857	0.2894736842105263	0.2909090909090909	0.2926829268292683	0.19607843137254902	0.3404255319148936	0.22033898305084745	0.3333333333333333	0.47368421052631576	0.36363636363636365	0.18421052631578946	0.38095238095238093	0.37209302325581395	0.26666666666666666	0.26666666666666666	0.42857142857142855	0.2708333333333333	0.37209302325581395	0.32558139534883723	0.3018867924528302	0.2641509433962264	0.3488372093023256	0.24528301886792453	0.25	0.3541666666666667	0.35714285714285715	0.2608695652173913	0.2765957446808511	0.2708333333333333	0.3783783783783784	0.42857142857142855	0.3333333333333333	0.4444444444444444	0.3684210526315789	0.3684210526315789	0.35	0.36538461538461536	0.29545454545454547	0.2413793103448276	0.2653061224489796	0.35714285714285715	0.3783783783783784	0.32727272727272727	0.2978723404255319	0.3191489361702128	0.42105263157894735	0.234375	0.32653061224489793	0.18292682926829268	0.38095238095238093	0.17857142857142858	0.2545454545454545	0.4146341463414634	0.3275862068965517	0.3488372093023256	0.19736842105263158	0.1566265060240964	0.3111111111111111	0.22916666666666666	0.40540540540540543	0.34285714285714286	0.3695652173913043	0.26229508196721313	0.23728813559322035	0.4	0.2765957446808511	0.17105263157894737	0.35294117647058826	0.2413793103448276	0.358974358974359	0.38095238095238093	0.2909090909090909	0.26	0.34146341463414637	0.4358974358974359	0.32	0.24	0.34146341463414637	0.2916666666666667	0.26	0.3076923076923077	0.29545454545454547	0.35135135135135137	0.3269230769230769	0.24528301886792453	0.36585365853658536	0.24444444444444444	0.3684210526315789	0.2926829268292683	0.375	0.27906976744186046	0.27450980392156865	0.13541666666666666	0.40476190476190477	0.3333333333333333	0.3684210526315789	0.2777777777777778	0.3	0.2028985507246377	0.3611111111111111	0.375	0.3125	0.34782608695652173	0.25	0.3111111111111111	0.3111111111111111	0.3469387755102041	0.30434782608695654	0.3111111111111111	0.32	0.36363636363636365	
